384
5335 6299 230
6299 5335 467
5299 10806 226
10806 5299 463
14151 12928 94
12928 14151 331
5692 5692 146
5692 5692 383
11618 11618 56
11618 11618 293
986 13237 94
13237 986 331
6680 7830 94
7830 6680 331
1080 10505 94
10505 1080 331
1015 6894 94
6894 1015 331
13404 10213 54
10213 13404 291
2055 5852 94
5852 2055 331
1803 1803 56
1803 1803 293
13005 2197 201
2197 13005 438
1861 4142 230
4142 1861 467
13146 13146 56
13146 13146 293
2877 2877 81
2877 2877 318
7198 7198 56
7198 7198 293
13382 13382 56
13382 13382 293
6223 6223 146
6223 6223 383
419 2939 94
2939 419 331
9323 9323 56
9323 9323 293
3243 5330 94
5330 3243 331
12449 12449 81
12449 12449 318
8372 7394 94
7394 8372 331
3010 3010 56
3010 3010 293
8729 8729 56
8729 8729 293
8307 6703 94
6703 8307 331
3590 12475 94
12475 3590 331
9658 1183 54
1183 9658 291
11580 11580 56
11580 11580 293
12768 12768 56
12768 12768 293
12932 12932 81
12932 12932 318
7927 796 226
796 7927 463
8513 2624 230
2624 8513 467
2526 2526 146
2526 2526 383
7385 8555 94
8555 7385 331
4994 7119 94
7119 4994 331
8114 13050 175
13050 8114 412
10746 10746 56
10746 10746 293
12861 11423 226
11423 12861 463
2006 2006 228
2006 2006 465
13894 13894 56
13894 13894 293
11617 11617 56
11617 11617 293
1457 2336 94
2336 1457 331
4231 11506 94
11506 4231 331
6064 10630 196
10630 6064 433
8630 8630 56
8630 8630 293
12314 12807 94
12807 12314 331
9047 12929 54
12929 9047 291
1412 6605 54
6605 1412 291
992 5004 230
5004 992 467
14299 11893 228
11893 14299 465
2015 14237 94
14237 2015 331
9714 522 230
522 9714 467
1088 1246 94
1246 1088 331
2526 2526 81
2526 2526 318
8952 8952 190
8952 8952 427
4152 5210 94
5210 4152 331
10593 10593 56
10593 10593 293
4936 6889 226
6889 4936 463
5617 5146 94
5146 5617 331
10630 6064 196
6064 10630 433
5620 348 228
348 5620 465
1405 12771 94
12771 1405 331
6089 6089 56
6089 6089 293
11743 11743 81
11743 11743 318
14266 14266 56
14266 14266 293
4994 13494 94
13494 4994 331
7953 522 230
522 7953 467
6027 9748 94
9748 6027 331
2879 2879 190
2879 2879 427
3176 13469 94
13469 3176 331
11982 3229 201
3229 11982 438
10110 10110 81
10110 10110 318
12322 12322 81
12322 12322 318
532 2803 94
2803 532 331
13050 8114 175
8114 13050 412
5328 1371 192
1371 5328 429
2472 2472 146
2472 2472 383
13524 13524 56
13524 13524 293
6217 6217 56
6217 6217 293
11124 11124 56
11124 11124 293
5126 5594 230
5594 5126 467
1527 1527 56
1527 1527 293
5464 685 54
685 5464 291
979 3964 226
3964 979 463
12932 12932 146
12932 12932 383
13858 13158 192
13158 13858 429
10605 12234 226
12234 10605 463
11628 11067 226
11067 11628 463
3825 1618 94
1618 3825 331
8626 8626 56
8626 8626 293
6686 6686 56
6686 6686 293
5445 7947 94
7947 5445 331
9274 9274 56
9274 9274 293
5882 9627 94
9627 5882 331
7834 7834 56
7834 7834 293
11870 11870 56
11870 11870 293
986 4533 94
4533 986 331
10435 10435 228
10435 10435 465
10081 10081 56
10081 10081 293
5917 5917 56
5917 5917 293
1177 1566 228
1566 1177 465
5702 8433 226
8433 5702 463
3711 3711 56
3711 3711 293
4474 11643 94
11643 4474 331
6423 7756 94
7756 6423 331
181 12131 94
12131 181 331
3653 6679 54
6679 3653 291
262 2454 192
2454 262 429
5901 5901 146
5901 5901 383
10182 10182 56
10182 10182 293
4792 8616 175
8616 4792 412
3888 12165 192
12165 3888 429
10963 13900 94
13900 10963 331
5866 5866 56
5866 5866 293
5325 9806 230
9806 5325 467
8610 40 230
40 8610 467
8860 8860 56
8860 8860 293
10976 641 175
641 10976 412
262 4342 175
4342 262 412
1058 10942 94
10942 1058 331
926 4288 228
4288 926 465
9164 9164 56
9164 9164 293
4342 262 175
262 4342 412
6679 3559 94
3559 6679 331
5568 5568 146
5568 5568 383
8244 8244 146
8244 8244 383
6211 5595 230
5595 6211 467
6512 9755 226
9755 6512 463
10973 8734 175
8734 10973 412
3317 3317 81
3317 3317 318
3409 3409 81
3409 3409 318
11827 11054 94
11054 11827 331
341 8935 230
8935 341 467
32 9644 94
9644 32 331
7268 7268 56
7268 7268 293
6277 6277 56
6277 6277 293
7708 8690 230
8690 7708 467
1652 1652 56
1652 1652 293
2877 2877 146
2877 2877 383
43 13325 94
13325 43 331
4468 7336 94
7336 4468 331
1803 8223 94
8223 1803 331
5502 5502 81
5502 5502 318
12600 12600 56
12600 12600 293
6865 5168 230
5168 6865 467
2895 1445 54
1445 2895 291
119 4217 94
4217 119 331
13398 5727 94
5727 13398 331
853 12254 94
12254 853 331
13798 13798 56
13798 13798 293
11093 11093 56
11093 11093 293
12736 12736 56
12736 12736 293
1425 7013 230
7013 1425 467
8956 8956 146
8956 8956 383
2352 9215 230
9215 2352 467
8041 8447 94
8447 8041 331
11654 11654 56
11654 11654 293
13419 9551 94
9551 13419 331
3409 3409 146
3409 3409 383
2320 2578 94
2578 2320 331
6277 164 94
164 6277 331
3119 3119 56
3119 3119 293
1280 8125 94
8125 1280 331
3256 8703 230
8703 3256 467
8725 705 54
705 8725 291
3317 3317 146
3317 3317 383
3817 3817 228
3817 3817 465
4743 4743 56
4743 4743 293
11021 11021 228
11021 11021 465
5692 5692 81
5692 5692 318
10880 10880 56
10880 10880 293
986 8966 94
8966 986 331
12449 12449 146
12449 12449 383
12780 13800 54
13800 12780 291
7600 603 230
603 7600 467
5901 5901 81
5901 5901 318
11742 11742 56
11742 11742 293
9918 9918 228
9918 9918 465
7213 3240 230
3240 7213 467
6051 6679 54
6679 6051 291
11768 11768 81
11768 11768 318
1502 541 94
541 1502 331
13911 4690 54
4690 13911 291
7982 13841 94
13841 7982 331
9647 7914 94
7914 9647 331
11651 11651 56
11651 11651 293
12103 9753 228
9753 12103 465
9136 9997 94
9997 9136 331
13407 13407 56
13407 13407 293
12012 12012 56
12012 12012 293
