5578
2438 422 391
90 12013 270
774 44 355
1652 6850 261
13757 3763 50
10758 5308 361
494 8254 347
718 10469 423
911 10778 317
2279 130 71
2279 9410 71
90 5900 271
10015 9937 276
13843 997 373
6679 785 343
8799 2609 428
141 7923 280
6559 12201 1
1180 4006 102
1768 1411 404
7023 5733 323
1665 5090 322
2955 4214 22
382 9453 285
9760 14460 320
8313 11808 132
2438 2388 391
62 12553 262
32 11341 285
5161 9557 392
853 12891 370
90 6785 403
141 6929 280
4722 4511 361
32 5649 285
32 2937 285
4709 8227 189
62 7316 262
540 10258 276
32 7879 285
2309 1334 261
434 12051 322
4770 12081 71
6319 8590 261
3433 2715 454
747 11146 352
4563 13452 449
1124 2236 285
12317 2563 261
853 3178 285
3696 1888 373
10040 6164 337
4029 1099 22
11207 10512 71
32 957 285
4156 12483 173
90 5354 271
90 6046 297
43 4296 343
6130 2419 461
160 3587 337
494 5796 347
8016 10559 343
434 8381 322
1306 2698 149
434 6690 322
4474 4879 285
4639 1036 353
384 10190 280
62 11160 262
4624 4823 460
160 4831 337
12193 557 233
2235 35 373
10141 6614 454
141 8317 280
6114 1833 352
4725 4863 420
62 8557 262
791 7938 357
62 8847 262
6627 10495 353
4413 7191 63
4413 13953 63
4413 8034 63
3902 10523 421
434 11700 322
6960 3259 353
1327 3660 343
6403 2995 261
1080 1484 343
4055 7924 50
9070 2680 59
434 8929 322
32 650 285
3433 7436 454
1665 6901 322
32 5969 285
1938 5979 323
4047 3168 102
420 3485 299
1665 2779 322
13188 3030 396
32 11090 285
62 4575 262
382 6913 285
6322 3224 440
6385 6336 353
434 10596 322
236 8153 63
236 6791 63
236 6991 63
8187 10522 261
2635 6261 261
2956 167 361
384 13361 280
32 2215 285
62 257 262
9082 7200 311
32 4656 285
12507 9215 373
141 11113 280
7781 752 1
800 13699 418
7192 11936 409
62 3446 262
23 8327 248
3202 2783 447
62 3553 262
160 10920 288
4358 2968 440
32 9530 285
141 8191 280
90 10546 271
1086 1459 375
6489 1212 261
2620 14390 391
2517 3959 419
160 942 337
9801 9171 428
1327 1225 261
220 2495 59
160 11717 469
9055 4561 261
32 2422 285
1002 4879 211
592 3681 343
1928 9184 285
141 4377 280
10147 7912 321
141 1925 280
160 3365 288
2550 13434 432
32 4128 285
1247 6254 22
3921 3269 22
478 13072 473
32 3676 285
62 2137 262
141 14244 280
2438 14424 391
2846 10476 361
90 8060 297
4621 7973 276
141 718 280
11980 9365 261
141 2477 280
1437 8170 391
25 3892 353
23 6719 248
1305 4069 342
181 10835 285
32 10268 422
1934 7719 430
160 2672 337
62 5532 262
5467 2018 71
5467 6992 71
62 1716 262
10813 4828 276
1253 9020 71
434 8353 322
791 3543 357
1124 3031 285
249 3031 261
90 7180 270
62 2209 262
2856 9429 1
7776 4716 1
90 2505 271
2192 1386 419
11489 4940 346
62 10328 262
9671 13597 126
9671 115 126
9671 8859 126
434 2488 322
32 6412 285
90 527 297
32 203 285
90 4111 271
160 4388 337
482 8864 323
434 3476 322
62 11750 262
3795 1312 373
6114 8365 352
34 865 373
12101 6652 343
32 8166 87
141 1216 280
494 11991 347
737 10354 350
9066 4848 71
3834 7665 22
32 10015 370
434 8822 322
1978 5780 409
90 1075 271
490 1075 248
5721 11185 409
420 2394 299
62 7415 262
141 2506 280
8202 4135 78
2759 9329 409
9561 7813 399
9277 13008 380
8490 3509 397
32 412 285
1665 8453 322
7945 1903 375
787 13897 299
32 9190 285
434 7242 322
141 6485 280
3387 6989 215
192 11737 1
10957 7841 261
1437 7979 391
434 4369 322
141 6941 280
747 7365 352
350 1201 392
141 3262 280
2607 6720 261
1771 2262 319
160 3806 458
384 10042 280
12219 8018 71
62 3961 262
1124 11368 285
10858 894 437
434 5954 322
690 1195 323
4770 1180 71
4770 9796 71
1124 2145 285
382 4771 285
150 4303 276
434 7133 161
434 6423 161
434 14477 161
434 12189 161
3655 2835 323
2620 816 391
3451 4639 71
3299 2676 55
1928 5972 285
1928 11917 285
11207 10612 71
141 13909 280
2438 3120 391
1327 5810 461
879 282 71
90 6325 271
10327 3868 261
434 1569 322
774 1276 355
141 5361 280
1458 12608 276
141 4410 280
10668 5953 207
4390 7870 50
23 4570 248
11058 7714 337
592 8165 343
10293 7344 22
90 2127 297
6614 9054 22
62 9550 262
592 1741 320
5422 7228 403
32 2569 285
12725 7718 71
1183 13205 261
352 5849 343
141 8122 280
890 1484 343
10864 5261 428
924 8703 271
2438 12455 391
90 1886 297
6055 7548 22
62 9583 262
4055 7262 50
62 3350 262
382 11039 285
23 6749 248
23 9364 248
434 5603 322
8740 5893 59
494 8556 328
5695 4835 423
4753 1927 71
2759 2482 409
11040 6798 132
11707 973 149
10107 269 352
1665 4047 322
384 8318 280
10156 4744 392
249 101 343
1124 1221 285
32 3876 285
434 11472 322
791 8994 357
32 8245 285
4098 4401 22
8368 3564 71
434 6811 322
1561 848 1
90 1174 297
23 643 248
434 4010 322
90 773 456
220 10336 59
384 2189 280
32 6280 285
447 3498 22
791 1751 357
2780 11959 320
4464 2327 261
10628 4141 1
6615 4549 436
918 1545 126
918 2564 126
141 8878 280
434 5664 322
141 3974 280
6851 2793 319
774 6774 355
5397 1405 458
5054 8667 391
6392 5169 233
2550 8791 432
791 7140 357
2438 7140 391
747 3892 352
8082 9531 22
10566 4270 59
4331 11084 364
4722 9958 361
10705 11586 276
434 12912 322
791 7287 357
44 769 319
10567 10121 248
5467 3189 71
11813 7397 342
6454 3763 71
791 8023 357
3433 8508 454
11179 7793 353
7147 500 420
4081 5479 454
592 4931 261
53 4502 22
32 9675 285
384 12333 280
384 1434 280
141 7976 280
90 557 297
6969 2264 420
13409 11028 261
6279 9659 428
141 1638 280
4391 6498 321
8222 2711 373
9661 2552 71
6088 11334 261
524 6652 311
434 3665 322
141 6102 280
32 13170 87
32 13021 87
7246 4531 207
791 12036 357
434 9214 322
8634 2981 409
62 11928 262
1511 7148 373
141 1239 280
7378 5464 458
1437 11563 391
7415 1163 168
9489 6677 50
4002 11182 140
1744 6932 285
3169 7130 22
8634 170 409
1327 252 343
3373 10905 380
1327 3697 261
62 12701 262
747 5335 352
4907 4357 59
62 12163 262
747 4695 352
434 6485 322
274 5623 285
352 5792 261
32 6766 285
32 2552 285
1177 8213 189
1177 11074 189
2438 6289 391
62 6176 262
90 7365 271
90 5145 271
595 9503 71
434 10341 322
32 3041 285
434 12283 322
11780 2937 22
23 9283 248
23 575 248
90 13638 270
1457 7046 320
3106 643 59
90 2513 271
1842 5786 22
1099 9848 321
434 12007 161
434 1269 161
434 10789 161
434 1551 161
2438 821 391
23 4766 248
384 13174 280
585 9016 337
11207 8549 71
8708 4699 440
1124 10571 285
329 9860 317
6851 4086 319
434 2494 322
4316 7213 323
1306 9003 149
3324 3795 71
434 14213 322
434 3868 322
2883 2302 437
43 979 276
7695 1315 321
23 3174 248
226 10966 380
32 5373 285
3655 9242 323
32 251 285
1794 8586 248
1769 11089 311
141 1548 280
12734 11442 337
4464 5837 261
592 7548 261
384 2669 280
10388 2686 375
7775 6713 22
2438 13337 391
4055 10600 50
1665 4380 322
7558 10500 71
4797 2835 59
1794 1888 59
62 11421 262
12930 4268 71
1826 9040 375
10988 5192 392
236 4403 63
90 5260 271
44 2362 319
384 7612 280
160 9995 469
32 11584 253
90 3937 271
6385 1988 353
791 10775 357
434 700 322
4722 11428 361
32 6960 285
2759 7838 409
10567 6242 248
434 4210 322
3557 4664 22
1672 12398 337
774 3955 355
434 6892 322
2438 1806 391
911 13496 125
141 12288 280
12834 12938 158
220 2067 59
12987 13840 132
384 11947 280
1665 4995 322
918 2592 126
7023 2744 323
1604 5373 22
9717 7691 375
14118 4693 261
592 11210 320
4068 9326 261
344 3550 317
1474 13559 22
62 1635 262
32 12830 285
32 10386 422
7132 5295 276
62 2945 262
2620 12913 391
141 3631 280
9760 3229 320
6795 4508 22
62 10517 262
592 5536 343
14514 1971 59
9664 4187 353
4764 1603 343
160 10268 288
434 13818 322
1978 2102 409
1448 7455 343
62 2133 262
7020 2854 319
1771 4093 319
1253 802 71
954 1680 261
23 1599 248
3480 2212 373
808 2212 392
344 3455 317
62 6250 262
384 8607 280
11844 2175 22
62 407 262
9671 3603 126
2754 2549 22
62 7591 262
1183 10865 343
382 5522 285
774 9177 355
181 14231 87
2620 13557 391
8425 4720 22
434 6379 322
62 8118 262
434 605 322
11653 6507 361
141 5759 280
62 5804 262
2956 6624 361
12718 6866 71
90 2350 297
62 11881 262
3795 7849 373
1124 9942 285
14222 4813 320
32 1239 285
62 13462 262
1437 6618 391
434 3938 322
7031 3189 153
3183 1207 22
32 2921 285
434 8845 322
434 11446 322
363 7251 319
10633 6938 436
434 10128 322
2846 12454 361
5778 4577 343
90 4427 271
3795 4427 373
747 5020 352
1437 794 391
62 6446 262
11743 1509 22
32 10228 285
23 6342 248
5673 2699 353
1177 8765 189
32 9295 285
3417 8262 50
141 5605 280
141 1013 280
141 10976 280
13931 8897 276
32 2668 285
774 2039 355
595 4495 71
595 5522 71
5506 6232 321
5034 5605 1
9917 8661 50
434 11578 322
2322 1919 158
6123 1468 285
141 11458 280
434 539 322
1848 2471 158
62 920 262
7089 7479 276
141 2330 280
420 1340 299
434 10157 161
434 2780 161
1044 3991 380
141 1509 280
1700 380 165
3299 7539 55
23 4137 248
141 8007 280
384 7515 280
434 4567 322
879 5347 71
62 1685 262
434 451 322
2371 5528 140
434 7822 322
8284 820 22
1771 11790 319
141 9815 280
434 9815 322
32 1593 285
774 14515 355
120 9872 276
32 7878 285
2349 4140 424
90 13142 270
9807 8437 399
62 13525 262
32 2037 285
588 939 22
4413 268 63
160 11199 288
90 10684 270
62 5477 262
382 10979 285
344 11566 317
274 5474 285
62 14516 262
62 336 262
62 7862 262
6905 7612 71
4152 5165 461
1124 1106 285
9147 5608 71
4753 6035 71
5198 8469 132
705 7279 276
23 5979 248
5341 6120 140
62 14517 262
434 8318 322
3433 1020 454
2588 8727 22
90 4266 271
5866 12195 261
9442 45 22
3232 897 140
62 12407 262
344 2431 125
141 9980 280
384 1440 280
1874 2737 391
2846 4075 361
2846 12445 361
141 11347 280
7042 11129 71
7042 2059 71
5678 5126 59
5678 5013 59
32 9427 285
774 11923 355
873 3557 361
62 1828 262
1928 9939 285
791 10116 357
911 1579 125
9109 3754 261
9081 5075 319
160 12062 337
11109 10487 50
2846 7631 361
4791 9997 317
8273 12165 1
8273 6334 1
737 13753 350
62 2541 262
14079 12246 261
32 3471 285
9568 1382 261
2349 4342 424
1327 10271 276
911 583 317
8587 3028 168
2706 4902 391
6604 12835 399
774 5087 355
8222 10172 373
434 4827 322
141 5493 280
3541 4773 353
90 5861 271
6851 11323 319
384 11318 280
32 12528 285
434 3874 322
795 4993 319
1665 4120 322
1768 2519 404
10864 2502 428
141 4498 280
2033 5332 261
384 6835 280
434 12076 322
1928 12333 285
434 12347 322
431 5819 353
11684 6089 348
32 10681 285
434 4417 322
9671 8169 126
11038 6413 71
540 5482 276
382 10735 285
434 4388 322
62 3935 262
62 9382 262
1437 4682 391
62 155 262
1327 3476 397
23 3723 248
2759 5936 409
2438 592 391
7132 13213 261
3309 6084 321
12718 13843 71
168 1774 373
141 5194 280
32 7623 422
434 5596 322
434 3237 322
90 9743 297
4683 11602 22
637 7423 285
774 13415 355
141 694 280
2883 13761 437
62 7296 262
8154 4364 59
3169 716 22
90 1964 297
62 9509 262
32 6545 285
62 4651 262
23 9317 248
6871 10362 396
32 5016 285
384 9116 280
141 7556 280
8889 7936 353
384 4928 280
384 4018 280
90 13786 345
4907 1028 59
2279 2008 71
62 10829 262
3567 785 428
23 2789 248
6114 7003 352
3387 5065 215
2846 3161 361
11822 6083 1
1177 6857 189
90 3400 297
434 1944 322
2620 1165 391
62 5072 262
7114 9422 22
141 12565 280
62 4335 262
141 3278 280
774 10235 355
5721 3529 409
434 961 161
434 11115 161
434 3612 161
1445 12797 320
90 9842 297
3299 4998 55
6817 13361 22
434 9086 322
873 10050 361
7683 11860 348
879 9237 71
879 4198 71
879 1147 71
7142 72 319
9753 9995 71
1928 9890 285
747 5115 352
11927 13236 261
10195 7612 22
791 1008 357
141 3541 280
12193 9586 233
3269 3824 346
141 12485 280
384 668 280
11485 8156 22
9726 4824 59
5221 6732 353
588 2796 22
23 4448 248
6079 11754 461
434 11754 322
6079 11609 320
4413 796 63
4413 4251 63
4413 1283 63
62 2696 262
8332 3687 319
2878 12242 153
2438 12300 391
10978 13205 439
1224 7261 102
9047 6971 285
7216 3626 439
791 14056 357
90 666 271
4055 6903 50
4055 9664 50
4563 7182 55
8120 3519 173
344 11249 317
9147 2748 71
32 2459 285
141 3595 280
11707 4451 50
540 11022 276
62 1035 262
12930 11758 71
62 2651 262
1768 8182 404
11031 1785 423
382 3320 285
384 12195 280
105 11468 276
158 3896 285
10107 3027 352
236 11431 63
434 9709 322
1771 7453 319
12407 6513 158
4098 11682 22
6691 12483 353
11882 390 1
62 11882 262
10452 14322 391
160 7009 337
171 12825 50
9915 10216 22
90 812 297
4358 1190 261
420 1552 299
2438 12150 391
32 4118 285
62 2437 262
32 6515 285
23 8609 248
11170 5662 158
13246 14243 320
791 12216 357
1768 1567 404
32 4526 285
141 1570 280
10806 7194 396
9946 10878 261
220 6337 59
447 798 22
434 9184 322
10166 8960 22
954 9156 261
434 12015 322
90 2547 271
2181 660 102
32 12427 285
32 9201 285
434 2328 322
249 4956 343
4152 2710 440
774 7454 355
8470 8892 261
62 9136 262
1995 5002 353
8438 5002 421
5338 2478 342
32 12801 285
434 718 322
141 3368 280
141 5697 280
62 545 262
6838 511 420
344 13259 317
494 2323 328
10103 9695 22
62 10067 262
4722 10072 361
3743 3138 346
6654 837 59
32 12558 285
32 7118 285
9581 10805 261
3873 5857 353
2798 4391 22
4224 10045 473
2550 1705 432
90 1699 271
3830 12192 63
747 4752 352
23 5516 248
32 9483 285
62 10955 262
90 11994 403
62 6247 262
90 2514 271
141 6682 280
5054 9210 391
4005 2120 59
1124 9497 285
62 7514 262
382 2339 285
2438 13462 391
8686 7498 319
2218 10872 1
32 6042 285
12455 4094 343
2385 1461 472
160 3441 337
10272 12470 1
2438 11744 391
1437 5252 391
384 11499 280
4907 10935 59
3173 7030 446
23 12410 248
1327 4577 343
5463 11999 22
90 4695 271
420 1361 299
7265 4202 22
4791 4219 317
7282 1207 71
8313 9260 132
13938 13938 419
1002 10971 418
181 6875 285
90 6340 271
90 1201 271
6385 6968 353
141 3787 280
3160 11838 261
2322 175 158
62 2055 262
6114 5601 352
1978 3683 409
382 870 285
434 870 322
791 3711 357
494 4660 328
4660 1218 1
791 12510 357
434 5138 161
434 2091 161
141 12589 280
8634 10797 409
23 9711 248
119 5519 285
400 11642 1
13692 9637 319
879 7556 71
7647 694 1
62 14357 262
13609 13275 71
90 6914 271
3324 12339 71
4209 11715 346
384 8623 280
160 9314 337
7192 9235 409
3535 10334 50
62 12520 262
8695 12568 1
2974 291 373
2759 1707 409
2438 4717 391
32 535 285
3433 5213 454
141 2928 280
62 12629 262
853 12485 285
62 14027 262
6851 6256 319
6632 1689 22
6614 4412 22
5235 4382 353
160 3032 469
141 13355 280
384 12392 280
3949 9519 423
5655 8244 361
382 9125 285
3885 538 461
434 10186 322
150 621 276
4895 8156 22
7939 5495 22
1124 4326 285
90 3277 271
9583 9092 22
9583 282 22
5317 730 71
62 8969 262
1771 4252 319
141 7448 280
10421 3894 420
10717 5211 276
4753 7816 71
141 5277 280
434 3030 322
62 13373 262
3825 4744 343
62 5164 262
62 11418 262
3795 3093 373
1566 4825 189
141 2276 280
90 8918 271
1464 6064 22
236 10195 63
236 9540 63
236 12449 63
236 4575 63
236 12512 63
160 2524 337
141 5227 280
8783 7200 353
2550 2121 432
1630 6792 323
32 10335 422
11647 6668 320
1124 4679 285
141 616 280
90 9188 366
1864 4134 1
549 5853 215
420 6159 299
384 4550 280
9679 3070 153
434 256 322
12178 3113 261
12796 3652 396
434 409 322
7142 9202 319
592 9493 276
62 1512 262
90 837 271
6680 10326 276
141 12686 280
8681 4041 140
7059 6865 323
434 4342 322
3119 9195 436
4068 12266 461
9354 5723 1
434 2137 322
141 8892 280
90 1539 271
2879 11144 320
11240 4856 59
2879 143 320
158 13053 285
3423 1942 346
62 9744 262
62 2579 262
1665 10208 322
1203 1772 1
90 755 297
5334 9435 337
9059 13210 1
1978 7669 409
8686 12028 319
62 6984 262
160 7286 288
384 4777 280
62 5570 262
2620 13474 391
434 5809 322
1124 4292 285
1551 10525 380
434 4034 322
9234 1883 59
53 4596 22
592 2571 261
141 6468 280
62 1644 262
62 2652 262
6279 9659 440
1124 6558 285
9671 2197 126
2754 5290 22
7044 3585 321
434 6347 322
90 2378 271
90 12232 270
202 10316 430
5267 10322 71
7192 10354 409
791 12363 357
3428 13662 439
62 742 262
119 2594 285
1327 9140 343
7415 1022 168
62 13561 262
1665 12884 322
3080 8398 323
791 10489 357
791 12012 357
5446 10891 353
636 8720 207
23 5968 248
32 10370 285
90 425 297
7010 13323 418
141 491 280
434 8548 322
62 8873 262
4391 7597 321
2279 2539 71
382 13418 285
62 14519 262
2982 1343 350
90 6278 271
1044 5682 261
3139 7500 22
5509 2678 149
3514 1375 397
32 2872 285
774 14520 355
382 12999 422
7059 24 323
1124 6929 285
9917 11782 50
8742 12876 50
434 2937 322
62 6366 262
13822 7377 158
13305 8364 261
32 12051 285
10753 4508 22
62 5802 262
344 12807 317
90 3495 271
158 9465 285
774 449 355
434 1263 161
434 11511 161
62 3742 262
62 14521 262
141 4477 280
9565 9328 22
12668 3608 71
4791 8620 317
3202 6045 447
5770 11761 350
1124 8806 285
879 10637 71
879 4656 71
879 10917 71
1672 5912 337
934 7066 261
32 12400 285
1306 5596 149
8748 5537 1
29 11702 337
62 1182 262
434 11641 322
5256 1685 1
10402 1707 323
23 5660 248
382 9910 384
160 11801 469
9127 35 353
13276 13649 132
1467 549 140
592 1684 261
774 3435 355
1665 1536 322
3305 3424 22
7228 10814 22
2550 1164 432
2438 13122 391
344 11277 317
62 13636 262
181 9854 285
791 7409 357
141 10502 280
23 10163 248
689 1521 373
434 7703 322
1080 1706 285
62 14062 262
181 1298 430
11645 3582 346
32 8627 285
4055 11343 50
2792 9686 380
274 4380 285
160 1131 458
62 5359 262
62 5400 262
4797 3950 59
62 9010 262
50 5236 346
384 9246 280
160 1568 337
8805 11418 342
90 7417 270
2010 6683 173
141 7648 280
774 14272 355
62 7617 262
1771 1395 319
236 6531 63
236 2845 63
236 12202 63
236 12654 63
236 6624 63
4626 323 1
160 1359 337
11391 2602 50
32 9866 285
928 1917 396
344 5488 125
226 4805 380
9694 3402 261
32 5667 285
1231 2347 71
1114 10331 321
344 11924 317
4712 7390 461
2550 6694 432
774 8339 355
2272 256 337
141 431 280
23 4129 248
5191 5800 343
8373 2189 461
637 2555 430
2956 12826 361
62 5617 262
90 3227 403
12766 3423 22
2438 9009 391
32 5765 285
3423 678 392
32 11997 285
12526 2480 353
8587 1163 168
32 5263 285
29 4914 458
2550 5087 432
2759 4956 409
8433 2433 165
90 14228 270
85 4346 373
1124 11318 285
7023 12437 323
1768 6223 404
7817 7718 337
32 8710 473
1934 7848 285
23 1966 248
9037 6272 22
141 1722 280
384 9899 280
10566 13792 59
160 8755 337
160 5703 337
434 254 322
32 4786 285
11130 639 392
4784 7783 71
62 4978 262
593 11106 22
13810 10264 261
384 12912 280
32 1128 285
23 7455 248
62 8854 262
434 9297 322
1253 1101 71
32 8093 285
32 61 285
160 1680 469
434 13873 322
32 175 422
1327 115 261
141 12293 280
434 12293 322
9409 12156 22
3554 10416 380
32 557 285
160 8607 337
382 905 384
3795 5805 373
62 10516 262
90 9696 271
3511 7544 211
420 9177 299
23 2766 248
62 2332 262
2009 5187 22
141 3738 280
141 13805 280
8198 11043 22
95 8650 380
9661 2147 71
13245 10090 320
160 1678 337
32 10846 87
32 13313 87
32 9614 87
32 13541 87
10858 12139 437
5780 2631 22
32 6691 285
434 7260 322
3755 9576 353
10751 4245 353
62 8968 262
8761 2549 261
3169 2119 22
434 1348 322
2438 10963 391
62 12882 262
8883 9143 102
434 5353 322
5496 2618 261
62 4179 262
2438 2503 391
141 10007 280
2349 10309 424
2438 10096 391
90 2855 297
2279 8740 71
2279 792 71
2279 10078 71
527 1607 353
7265 11322 22
11031 4719 423
777 7299 59
384 1612 280
6814 4352 373
5509 9569 149
4563 1927 449
62 7611 262
4525 7384 343
12675 504 22
8742 10690 50
2535 2218 158
62 2035 262
141 2145 280
434 3619 322
32 3472 285
3423 1643 392
2456 4041 319
7557 3822 102
249 3344 343
1437 4852 391
62 6787 262
7510 6677 71
1700 3619 165
7175 7056 59
1124 3215 285
141 10618 280
879 6475 71
879 9555 71
879 6764 71
382 3017 285
1080 5327 285
10107 7213 352
62 5140 262
141 8015 280
344 8397 317
160 4444 337
5256 13559 1
62 10462 262
2349 5572 424
5694 8011 323
434 2533 322
9016 4430 353
4081 7639 454
434 8818 322
7306 12965 50
1424 13024 319
32 11745 253
160 4339 337
62 8544 262
588 8151 22
4413 10529 63
10811 4525 361
160 9807 288
7605 13205 276
6489 9891 343
23 4400 248
1771 5785 319
90 4160 271
32 6952 285
13815 5075 50
5317 2793 71
90 4033 271
4055 11121 50
4055 3125 50
141 10053 280
2272 8814 337
1928 7312 285
6905 979 71
10967 523 1
3955 1305 261
1672 6802 337
494 9291 347
434 281 322
141 10956 280
32 4894 285
4753 13209 71
1794 469 59
2643 4142 311
141 6475 280
6281 1817 285
90 9246 297
2438 1204 391
791 12395 357
6627 11049 353
2846 2704 361
978 9700 50
12523 503 440
23 9220 248
236 7536 63
141 9555 280
2846 11143 361
62 13994 262
141 2081 280
13141 12158 22
330 308 78
8312 6487 343
3103 6922 361
11882 12392 1
4563 8976 449
141 13176 280
32 12511 370
43 12820 261
6402 852 321
141 13308 280
420 68 299
7042 8997 71
160 8795 288
23 7600 248
141 4118 280
3480 2475 373
62 9376 262
5237 4022 63
4081 3557 454
2792 9341 397
62 2474 262
1561 6387 1
791 6672 357
911 4433 125
3924 7977 342
3796 2501 364
2706 11032 391
90 7446 271
3222 8705 211
12826 9212 22
3885 326 461
32 9948 285
774 14523 355
1702 1486 323
434 8151 322
5686 12090 320
141 9201 280
774 1800 355
62 71 262
384 5783 280
434 6663 322
434 2159 322
160 3267 337
62 3026 262
5983 9572 50
4204 7539 102
449 1353 285
141 2311 280
7192 4524 409
592 10103 320
7132 12028 261
8622 5769 22
90 5821 271
1424 11182 319
592 227 261
1771 8503 319
6114 1843 352
434 5026 322
10627 1769 22
32 8930 285
8634 10525 409
141 3283 280
32 2074 285
158 9675 461
6038 3792 261
32 8567 285
43 6022 261
141 6022 280
2754 9279 22
62 13959 262
1480 7642 22
62 12189 262
3916 8898 375
141 8258 280
90 7040 271
816 1678 285
32 7409 87
32 4248 87
5780 11586 22
90 3579 271
9456 7720 392
7997 290 59
11317 8251 276
23 1950 248
1437 7360 391
14474 14525 126
2225 7069 276
1672 9873 337
3169 2957 22
141 8005 280
13843 10635 373
5373 5 373
1948 3619 22
62 7388 262
873 4143 361
1806 12782 364
7246 5335 323
1086 5766 375
2438 12885 391
32 5389 422
9394 4369 22
1482 7708 346
23 7708 248
8347 9612 1
62 8572 262
141 9731 280
160 4452 288
5299 2111 59
2620 12935 391
1771 1579 319
434 8612 322
963 9685 132
181 4009 430
2316 6348 323
90 8276 271
1437 13578 391
637 8915 397
4011 4391 22
23 109 248
8321 2316 320
3133 10042 22
1806 424 380
4770 3750 71
62 10767 262
2846 1674 361
873 1842 361
62 4161 262
32 10244 285
434 7089 161
434 13263 161
434 10762 161
434 4557 161
3451 1783 71
11316 10324 1
4161 6056 353
23 7630 248
4081 4029 454
4029 10494 22
6332 54 22
747 6934 352
32 7207 285
181 8460 285
62 5771 262
6049 3168 342
9753 2834 71
141 3033 280
10259 2333 420
737 9235 350
90 12636 270
62 9774 262
141 6494 280
32 4122 285
791 13588 357
6402 5660 373
6410 7877 373
5338 7566 342
62 13498 262
382 10988 285
62 12300 262
141 11547 280
1771 9315 319
4055 3847 50
12190 11722 1
32 436 285
32 8740 285
10098 9375 346
6851 4671 319
6049 3594 342
4258 3644 342
2665 886 22
2665 6925 22
954 11728 320
1919 7551 1
23 6133 248
8531 5744 102
1327 4676 276
1311 2704 361
434 4853 322
1768 5459 404
236 11371 63
62 8377 262
434 10171 322
1019 1770 189
13413 2374 261
3730 9319 140
1665 10950 322
10213 817 461
62 4975 262
62 11548 262
32 692 285
434 9670 322
384 187 280
4674 1984 373
62 4279 262
10897 7431 346
384 12717 280
13347 12336 165
23 10176 248
119 4458 285
90 6242 271
32 4472 285
5237 3954 63
5237 7690 63
5237 9159 63
6440 11323 50
9186 9518 392
8530 4730 343
5254 643 321
141 3754 280
434 12288 322
3222 11318 211
3222 6537 211
160 5557 337
434 12813 322
622 10071 285
32 5797 285
344 9907 317
344 8125 317
434 9720 322
2839 3688 323
918 10276 126
10213 9227 276
8406 4467 473
62 372 262
1665 2366 322
4739 1692 59
90 7520 271
11023 2058 22
2121 6096 285
384 13341 280
9650 10314 428
774 8710 355
105 4829 276
90 13021 270
32 13645 285
62 8272 262
62 8836 262
6392 8412 233
11408 4222 140
4331 11899 364
494 11590 347
181 12026 285
141 9954 280
5364 7174 22
62 1347 262
1253 5320 71
10627 1007 22
384 8707 280
90 8985 297
62 2529 262
23 5247 248
1771 7591 319
62 7231 262
226 2452 397
384 8090 280
1652 6634 261
3226 8764 63
90 7304 271
2846 12073 361
13553 865 343
90 5772 271
5054 10860 391
32 11938 87
32 12286 87
32 6132 87
14418 2307 59
62 12761 262
32 5673 285
2218 193 1
1769 9148 311
5662 6986 1
32 14057 285
1502 2757 461
158 13565 422
23 8334 248
62 6353 262
23 7349 248
23 6638 248
13527 3450 428
434 5839 322
1771 2211 319
701 1932 320
12101 1362 261
62 2342 262
4764 8900 320
2279 3712 71
90 2140 271
141 7242 280
434 5984 322
1177 11121 189
1022 5605 285
43 9876 343
774 1701 355
595 3768 71
1672 12312 337
434 1912 322
32 11458 285
32 539 285
1848 1364 207
90 11270 376
420 3420 299
90 12112 271
32 3012 285
434 14423 161
434 12946 161
160 3967 337
3451 2133 71
6904 9199 276
1771 2236 319
1700 12645 165
5086 2239 458
9565 8159 22
32 11381 285
494 1152 347
434 8393 322
747 3852 352
1327 1423 276
3127 13784 158
3433 8919 454
1553 10571 261
4372 11209 319
879 10622 71
879 11869 71
879 12904 71
879 4204 71
141 5336 280
1978 9541 409
62 1920 262
3324 4472 71
3567 11715 428
9302 111 353
737 13066 350
3885 4268 461
1928 10424 285
382 1908 285
384 951 280
13246 2963 320
1437 11939 391
5697 6472 321
384 11935 280
8686 12392 319
90 4929 271
8563 4503 421
588 869 22
588 12179 22
592 538 261
10697 13804 436
90 12681 271
8115 10115 1
90 13144 270
194 13783 449
7558 6034 71
4753 11779 71
7132 11741 276
13089 10982 71
12630 4535 317
434 8858 322
434 4671 322
344 11615 317
1311 4074 361
2846 6358 361
90 2962 271
1124 7987 285
978 11721 50
236 13397 63
236 6675 63
10858 2187 437
1483 504 375
141 504 280
62 13429 262
384 5613 280
14527 14526 447
344 8579 125
90 1048 297
873 12416 361
5576 3445 1
14468 14468 419
62 10388 262
32 4279 285
90 11428 365
434 3483 322
62 8016 262
774 2370 355
10391 3478 271
10528 19 472
32 3056 285
62 4571 262
434 8475 322
90 2555 271
14528 13309 50
434 9796 322
141 10440 280
11890 8871 1
4644 3012 22
62 2267 262
12766 7358 22
23 9470 248
10578 8402 22
918 265 126
9787 10512 50
384 3981 280
141 13072 280
4362 4998 321
1946 12439 337
2438 12920 391
434 7662 322
1551 143 380
434 1976 322
384 2285 280
2706 9019 391
160 6013 337
9037 6776 22
141 7934 280
434 4305 322
6392 2876 233
90 12365 271
141 2548 280
32 12723 370
62 6309 262
873 5364 361
791 12736 357
62 10938 262
9459 5636 22
5467 10950 71
62 2491 262
160 11602 337
637 1680 461
53 9078 22
141 1524 280
774 14530 355
1652 12251 261
1611 9718 71
1611 12283 71
1611 1174 71
10822 5715 353
5910 5247 373
2754 11415 22
141 13496 280
382 8116 384
796 4272 323
2706 10419 391
3155 5021 353
434 4807 322
62 4619 262
32 13092 87
32 13588 87
32 7029 87
32 10952 87
1327 742 436
23 7849 248
3872 1013 1
90 3013 270
7415 8576 168
4081 4683 454
4683 5216 22
4683 4320 22
141 5233 280
434 2435 322
90 9329 271
160 3800 337
32 5195 285
494 1344 347
32 5839 285
32 2681 285
3543 12956 261
3080 219 323
2706 1460 391
1044 5249 380
5249 8345 22
3760 13860 261
7044 6606 321
4372 6516 319
7265 9073 22
32 4860 285
160 13475 469
62 5865 262
36 4047 22
90 2872 297
62 7365 262
1124 732 285
747 4740 352
9935 8872 22
1327 2559 276
881 1937 373
591 1439 323
160 10115 469
62 3987 262
62 10380 262
588 704 396
62 12890 262
62 5220 262
13456 898 343
10753 3333 22
12060 2019 22
434 12355 161
62 2742 262
7510 6450 71
11612 3209 1
382 7630 384
32 4209 285
141 957 280
1437 14266 391
879 10551 71
3408 10247 380
10117 6268 261
1044 796 380
5256 10641 1
2438 12899 391
10452 235 391
90 1789 270
2438 1789 391
90 6109 271
62 535 262
32 2127 285
32 860 285
5390 3673 311
11243 3673 321
62 6933 262
90 7461 271
689 5297 321
32 3288 285
1771 350 319
592 8084 397
384 5313 280
7045 12366 1
32 13205 285
62 9797 262
420 8770 299
592 173 343
5317 6226 71
384 8302 280
90 5603 297
352 8063 261
11707 4269 149
434 11128 322
1874 13803 391
434 4495 322
1771 10088 319
382 12081 285
592 9127 261
13863 3172 319
32 6597 285
6402 6891 373
2256 3788 22
434 3146 322
10858 6360 437
6851 2276 319
13820 54 140
32 6512 285
1437 13627 391
167 3993 22
1327 6527 276
62 14007 262
168 7200 321
11447 872 320
62 1294 262
10435 4075 320
5817 2428 153
2438 12648 391
32 9730 285
4423 9446 396
141 11666 280
62 8796 262
2759 6951 409
6440 5870 50
911 6160 59
2192 12175 419
32 13808 370
2192 2202 447
12523 1959 440
90 9087 270
4453 9128 361
141 3980 280
434 326 322
6322 6502 440
3202 4178 447
6456 8438 71
9787 13363 50
2834 1634 421
592 3403 320
4358 846 343
226 10803 364
62 3155 262
5890 1911 311
3202 1868 447
1044 7059 380
141 3323 280
11576 9805 391
8760 1045 323
90 1045 271
6679 8619 461
62 7313 262
62 5562 262
62 4829 262
62 11967 262
6392 5277 233
6392 8054 233
32 12151 422
11031 4020 423
434 6433 322
434 2206 322
62 705 262
4921 12949 276
1977 6333 22
434 3269 322
5476 716 22
90 6466 271
141 12543 280
62 4060 262
5103 12191 261
11534 11013 59
1978 593 409
5856 10805 22
2491 13109 22
434 4093 322
11795 6387 71
1253 214 71
592 9490 343
53 227 22
62 11228 262
592 848 461
336 388 261
7763 11097 439
384 9878 280
62 5199 262
774 6854 355
3830 7295 63
141 13357 280
2438 10708 391
7023 1339 323
2438 1527 391
23 3279 248
1088 8653 380
2448 4399 428
384 7335 280
9066 7816 71
226 1414 397
494 4148 347
2550 8307 432
12611 2755 321
1794 5653 248
5662 7531 1
32 11678 285
4683 3480 22
141 1420 280
3183 4237 22
1665 3817 322
6323 4032 22
6114 4958 352
1665 7732 322
4161 11403 353
62 3162 262
141 5556 280
11647 13669 320
2883 1951 437
10094 13671 207
141 3326 280
382 8702 285
4791 12642 317
90 9257 270
32 762 285
2279 2007 71
141 9906 280
9801 9523 428
3387 7479 215
32 2858 422
1672 12870 337
1928 9918 285
1437 8571 391
32 2955 253
434 6633 322
3463 4352 346
6706 10519 375
1771 9287 319
9917 10304 50
6139 6165 22
202 7519 285
141 13253 280
7913 10856 132
62 14531 262
791 13012 357
10753 2721 22
2438 13067 391
1771 1274 319
9980 4282 311
3878 10348 261
62 12340 262
1842 7574 22
434 9164 161
434 10697 161
434 1717 322
434 3383 322
1080 9016 285
4966 1854 22
434 8960 322
12667 4131 71
3873 9765 353
32 2836 285
384 10500 280
6322 486 440
6032 5654 343
12974 12974 419
879 6203 71
141 2494 280
384 10915 280
10061 8452 158
3324 2188 71
141 5494 280
7910 8038 22
62 7910 262
160 8748 288
10195 11664 22
141 6900 280
160 1560 469
1090 3041 22
3261 3044 353
791 11447 357
2879 7583 343
32 8201 285
9395 9742 59
791 12016 357
32 722 285
2956 6483 361
141 1811 280
13562 4879 149
4978 8456 353
1768 9597 404
160 11906 337
1630 7864 396
10758 4525 361
7859 2243 319
2213 3660 346
6322 3037 440
1771 11051 319
32 9839 285
6905 2118 71
5397 3085 337
384 14176 280
90 618 271
32 5181 285
7192 12817 409
4753 9258 71
5198 11749 132
4797 13601 59
384 1854 280
2665 11602 22
2706 7417 391
1566 7841 189
494 8405 328
1652 3027 343
382 6211 384
23 6211 248
226 10338 380
90 10926 271
62 7993 262
10482 14143 299
141 1963 280
382 11933 285
1771 214 319
1928 11882 422
434 1209 322
171 6116 59
12734 8972 337
10717 4505 276
90 2589 456
494 8693 347
23 5651 248
141 10292 280
32 3446 285
5054 10602 391
32 549 285
1928 11815 261
8796 13016 207
774 11589 355
141 8427 280
90 4125 271
1327 3002 343
23 1959 248
32 6734 285
791 12262 357
434 3999 322
14172 4848 337
434 149 322
5770 3515 350
220 5793 59
1323 5528 189
23 2241 248
836 7233 261
32 9885 285
62 6420 262
6707 12095 261
249 11020 320
7507 2253 22
6596 8279 375
62 6997 262
32 11342 285
141 5403 280
1652 4066 261
62 13302 262
434 3918 322
737 11144 350
141 10640 280
1124 10815 285
6093 11628 473
5983 5839 50
29 8725 458
8751 13049 1
90 9300 270
62 10902 262
1511 292 321
141 5890 280
141 3312 280
23 6644 248
434 1453 322
591 9632 323
8870 958 311
4742 958 420
6135 2212 323
1080 1444 285
90 2574 271
141 4130 280
434 9827 322
11176 6797 22
23 5032 248
90 7379 270
62 1532 262
2846 10149 361
434 3384 322
160 8898 337
592 4388 461
160 1667 288
14267 9467 158
5422 9706 345
1928 14148 285
3226 12932 63
434 5098 322
7942 4623 22
3272 6345 59
13109 11416 346
268 6151 323
737 6665 350
7415 293 168
7415 1712 168
62 3817 262
32 13761 285
2121 7823 285
1124 3791 285
10862 2319 126
384 12064 280
434 1344 322
7023 8775 323
1234 12567 380
10402 6651 323
141 5259 280
1771 491 319
90 219 271
181 8803 285
4143 10796 22
4143 144 22
1874 14077 391
4907 2500 140
737 441 350
7859 7030 319
791 13110 357
1124 5488 285
141 5488 280
637 10392 285
62 11743 262
6305 9292 22
434 5090 322
8332 3841 319
344 6077 317
595 3516 71
595 4732 71
384 8685 280
12630 4102 317
9277 10037 397
434 10127 322
6851 9333 319
8222 1900 373
8742 6191 50
791 2806 357
1848 8817 158
791 13239 357
43 2513 343
13709 10165 261
5121 3066 102
434 10443 161
11982 2052 1
494 9729 347
5851 7052 22
494 1431 328
6851 4147 319
1437 11681 391
32 7523 285
434 3039 322
11207 417 71
6332 80 22
5721 3318 409
400 7022 1
23 3314 248
5994 5572 22
1669 7569 343
879 6759 71
4888 1685 409
2438 3522 391
32 2554 285
1771 11329 319
62 1036 262
11058 10887 337
62 4972 262
62 1652 262
141 7450 280
3885 6609 461
344 925 317
13460 4836 436
7142 2696 319
5770 8153 350
141 11052 280
2768 3786 261
6114 11336 352
7395 12681 311
90 961 456
8889 6869 353
7775 8460 22
4055 5376 50
4055 10536 50
32 3350 285
4563 2407 55
4563 3789 55
3645 8157 353
6905 61 71
32 3588 285
344 6842 317
434 8399 322
13061 10782 440
32 13368 422
5341 3962 140
9032 15 321
11457 9125 22
434 902 322
32 5286 285
3423 101 392
141 66 280
1919 9201 1
141 9709 280
2846 4886 361
8686 13158 319
32 630 422
90 5031 271
3929 12369 71
1327 7200 343
3730 5985 140
90 5028 297
1231 11329 71
1231 7065 71
23 3418 248
434 10290 322
9330 11633 22
141 9231 280
8321 1294 397
90 5651 271
7042 8851 71
2561 11402 102
2561 3508 102
11031 9504 423
2370 7816 140
5237 6003 63
5333 7242 71
90 7194 297
1665 126 322
62 9431 262
141 12246 280
1437 1577 391
2349 11911 424
62 5901 262
6980 1905 50
32 3981 285
2780 7501 397
3717 1651 343
3921 7383 22
494 11171 328
384 5895 280
4587 2688 373
8433 512 165
11240 219 59
5644 9709 22
5983 8227 50
1124 4204 285
90 624 271
9888 8872 22
8037 4513 149
10858 3669 437
32 940 285
1437 10067 391
1253 425 71
791 9172 357
90 6835 297
53 9289 22
32 2876 285
90 1599 271
7568 6250 321
23 7299 248
12924 1644 276
2896 1560 1
141 12911 280
23 7749 248
352 11260 261
384 1409 280
434 6537 322
1665 8384 322
420 7527 299
62 11114 262
32 9483 473
4725 6652 420
32 12659 87
32 6885 87
592 12319 276
434 5646 322
3880 8932 392
7023 2067 323
434 4868 322
44 4968 319
592 4163 440
1239 761 102
160 30 337
32 9690 285
2846 9562 361
384 6949 280
85 7031 321
774 2616 355
434 488 322
434 4042 322
384 5959 280
5334 12064 337
4096 5608 22
434 5104 322
1771 12814 319
1978 4763 409
3428 6058 439
141 12165 280
12408 12229 261
23 9798 248
928 10114 323
4907 6635 59
62 7788 262
274 3293 285
353 3564 22
2759 815 409
1337 11251 321
90 1935 271
62 7412 262
2438 8476 391
3433 6305 454
141 2552 280
1177 9835 189
141 9918 280
90 3351 271
3202 908 419
32 4493 285
4632 10955 22
595 2419 71
249 10341 261
90 5169 297
160 609 288
160 7208 288
160 8926 337
2055 3065 276
12001 4041 396
32 7146 285
434 2667 161
434 13216 161
10932 11341 22
5705 10156 22
344 11224 317
62 7168 262
4081 8885 454
11995 8881 71
6727 10596 50
160 6 337
5266 2932 22
13543 10559 373
1357 2637 321
791 11242 357
1124 3070 285
62 14532 262
384 5173 280
434 2427 322
434 4909 322
3052 11246 1
2438 3627 391
23 5374 248
3522 8499 261
4092 6085 153
588 9980 22
434 8847 322
3711 7899 261
2956 9597 361
1124 2621 285
334 10163 321
434 5474 322
3433 415 454
62 4071 262
7044 6451 373
2550 4474 432
4055 1326 50
1768 6566 404
181 7941 285
141 2917 280
141 5407 280
11680 3033 22
873 7338 361
3373 7110 380
8479 13995 158
634 9329 173
6489 8003 343
236 6812 63
32 9776 285
7023 9699 323
344 5876 125
3173 1048 446
330 1934 78
141 3907 280
32 6775 285
171 12842 50
171 12156 50
274 1294 285
434 3630 322
32 7681 285
141 14248 280
434 1778 322
62 14395 262
14159 8427 276
62 917 262
9700 11402 392
90 2774 297
90 4006 271
13692 11947 319
434 9844 322
6615 7191 380
226 7191 436
6282 3688 323
4994 2710 440
90 5012 297
62 1764 262
2736 3032 140
32 9280 422
1283 6439 323
2438 10957 391
2550 301 432
6392 6105 233
23 2684 248
791 13715 357
90 10307 271
2900 10030 261
11489 6466 346
1665 2602 322
6679 13835 436
90 12856 270
158 12201 285
32 4197 285
3433 1435 454
90 10121 271
90 11375 270
12629 7332 397
62 6992 262
62 13037 262
249 5938 440
274 13914 422
4316 3240 323
3299 11638 449
434 1782 322
62 4607 262
1437 14055 391
8741 5795 22
1771 8418 319
592 9475 397
384 11028 280
384 4597 280
3830 5844 63
23 679 248
1480 806 22
32 3429 285
32 7753 285
4161 932 353
32 7673 87
32 10882 87
1665 12639 322
62 7658 262
2759 6736 409
90 10145 270
494 10077 347
160 12250 288
1225 9140 321
4564 1158 317
119 8398 430
9489 621 50
32 6380 285
90 13601 271
2438 2183 391
90 8299 271
5510 1003 102
90 7465 297
90 6699 297
5230 1950 59
160 4928 337
410 6299 323
62 2809 262
434 5766 322
9694 4544 261
384 10392 280
13160 870 1
1124 2892 285
434 2892 322
382 3664 285
181 5078 285
6114 5200 352
434 12482 322
595 11682 71
62 2611 262
23 4335 248
141 9285 280
1665 1912 322
32 5446 285
1327 12129 276
9198 11865 22
1327 507 397
4011 3930 22
1124 1483 397
8647 4583 102
4770 2339 71
62 4282 262
1842 1455 22
434 3160 161
434 8426 161
352 12803 276
23 875 248
382 2419 285
6692 10156 396
9081 13309 319
879 11004 71
141 4259 280
6976 18 472
3324 7515 71
434 11329 322
100 8155 420
4563 7988 449
434 3611 322
3535 9675 50
790 2702 461
62 11907 262
6079 6695 261
2607 5120 261
62 7280 262
384 4991 280
3547 4926 353
1124 10988 285
420 890 299
105 12299 276
9597 8449 22
141 154 280
32 6996 285
62 11814 262
4072 13304 1
141 6121 280
1178 2549 22
5390 2878 311
12630 11506 317
141 8734 280
141 1666 280
194 8920 55
90 6869 271
4055 8020 50
141 1523 280
4563 1999 55
434 14176 322
8120 5922 173
434 8188 322
62 7777 262
4753 7586 71
4753 13704 71
5807 4881 22
1794 9319 140
90 3595 297
23 7758 248
494 5114 347
7089 3594 343
636 3644 323
6197 6073 375
23 7953 248
5632 5047 323
434 12226 322
9099 12120 321
434 4793 322
90 156 297
4563 1267 449
236 756 63
236 5592 63
236 12088 63
13020 4708 320
141 12458 280
3929 5072 71
7605 9428 276
62 8831 262
141 9945 280
62 1309 262
13361 7025 392
1794 182 248
32 4878 285
7042 289 71
6859 3223 71
549 8232 215
434 3204 322
90 10484 270
10858 4412 437
3330 2810 71
9606 10640 50
32 1459 285
62 8062 262
5390 1959 311
6114 2555 352
4372 4768 319
12761 2327 424
1887 1595 215
8914 3066 392
13033 8137 22
1331 14533 418
2438 5919 391
494 12217 347
141 7622 280
90 10172 271
32 1471 285
62 4833 262
13903 2478 343
32 8710 285
4161 6074 353
2846 5348 361
434 3599 322
2550 419 432
1672 4376 337
6795 4268 22
592 4069 440
62 1448 262
3309 5420 373
62 9739 262
2272 940 337
1771 2672 319
774 977 355
5467 1113 71
791 444 357
434 5497 322
3987 3312 261
1253 1997 71
2806 958 343
10040 12333 337
3135 2529 59
1311 2472 361
2754 11682 22
1891 1682 168
23 4111 248
62 3568 262
2009 523 22
2357 12301 319
13687 11334 319
32 1188 285
32 11655 87
32 9087 87
32 11553 87
10452 10954 391
62 11607 262
4587 6168 373
141 8575 280
105 11423 320
382 9210 372
434 6042 322
7415 1837 168
62 10621 262
7307 1238 346
2550 4035 432
434 3190 322
13647 5817 59
90 186 297
344 8618 317
592 1697 320
62 6710 262
1665 2522 322
434 1893 322
791 4743 357
62 11925 262
141 7251 280
2316 1867 323
1485 8873 323
1995 7636 353
14478 14478 419
32 9652 285
2279 5720 71
141 9937 280
434 7674 322
62 5037 262
737 7265 350
32 5561 370
23 4719 248
1493 4950 140
1177 6412 189
5283 230 353
1331 14534 418
11587 2747 22
2438 5975 391
747 6348 352
62 11838 262
32 8340 285
2534 8493 22
62 14219 262
2064 9778 59
2064 2591 59
62 10221 262
2438 12023 391
331 13374 87
791 696 357
32 5811 285
434 12359 161
90 7275 297
141 11673 280
6708 4720 22
1874 8948 391
592 1157 261
2759 2538 409
2706 11860 391
842 12953 22
141 6350 280
5994 11152 22
592 253 276
2438 7960 391
879 312 71
13056 7213 392
1928 8015 285
3324 758 71
7763 13056 439
141 10863 280
6627 1315 353
2027 1210 392
791 1750 357
23 3044 248
90 6472 271
924 13498 403
434 1396 322
141 7878 280
1330 2374 189
384 8666 280
2635 5073 261
1556 1564 342
1578 5572 22
494 7651 347
12725 13476 71
90 3379 271
382 11199 422
32 13365 285
382 4415 384
2197 4400 321
7775 6280 22
10617 8665 50
6905 4166 71
62 3775 262
8634 12817 409
9607 5686 348
32 3122 285
2121 9527 285
3299 9527 449
7344 1890 346
774 7278 355
494 4116 347
420 1934 299
1652 7929 261
62 9975 262
62 10148 262
62 4554 262
382 5240 384
90 4065 297
7132 8689 261
32 9589 261
344 9390 125
3929 7472 71
7489 6903 276
62 2690 262
249 7771 320
7042 1536 71
2839 1129 323
791 9345 357
1437 7002 391
5237 13422 63
160 4210 337
11518 9185 299
11197 2602 22
14123 3478 423
8029 1753 418
3330 255 71
249 2653 397
791 13087 357
911 4378 125
384 9535 280
90 5872 271
62 5872 262
160 523 337
4464 8933 261
873 3515 361
23 2977 248
14130 5547 261
3541 2724 353
6480 13645 140
62 1887 262
4874 11073 346
3567 370 428
90 6495 270
382 9470 384
1327 1486 343
7568 10122 321
2904 4012 439
1928 13772 285
384 9326 280
90 5867 270
434 2606 322
62 13703 262
592 5861 343
10402 5939 323
32 2788 285
141 10634 280
6392 2016 233
4168 6620 343
791 12563 357
1665 8755 322
774 3100 355
10400 4261 343
5364 9878 22
2102 2793 22
7859 1522 319
141 10147 280
494 11194 328
90 9374 297
1124 9297 285
32 114 285
2234 4112 153
2904 8353 439
53 5128 22
1005 2529 323
160 2571 337
32 665 285
6303 13095 391
62 8127 262
434 2051 322
32 12347 285
1437 13138 391
11853 10259 71
6114 341 352
8729 3692 276
141 6558 280
9671 1230 126
2754 3454 22
2754 1492 22
8725 8018 285
774 611 355
141 1492 280
532 4333 343
774 181 355
12399 3999 125
6786 2453 22
32 14077 87
434 9955 322
9066 8972 71
791 4464 357
141 8822 280
434 1998 322
592 10642 261
7132 7498 261
9506 1589 424
160 5662 288
32 4328 285
4683 8995 22
4683 7723 22
23 1238 248
774 4035 355
8250 13761 337
8154 5945 59
13361 6054 392
32 3209 285
10604 2919 397
1771 2228 319
6604 2103 399
791 5252 357
816 3326 285
6686 7291 261
355 10744 353
62 12177 262
90 794 456
7265 4601 22
6673 7723 22
62 13632 262
1652 775 261
11647 12283 261
90 5190 270
8662 1476 22
8907 3652 153
6322 4837 440
141 8468 280
3680 8824 396
90 4508 297
23 3767 248
6282 1668 323
4081 10050 454
5446 11314 353
1874 518 391
5770 3080 350
23 1335 248
879 7865 71
879 10264 71
5694 2470 323
6114 111 352
6398 10752 158
1665 6837 322
23 9619 248
4843 11554 276
4390 6748 50
4390 3425 50
384 12808 280
90 11550 270
11905 7583 353
591 35 323
85 4092 373
32 38 285
6707 7651 276
3771 11089 392
141 12728 280
23 8912 248
791 12924 357
8745 13636 320
23 7154 248
1665 3626 322
32 798 285
1044 7513 380
1874 13456 391
434 7121 322
23 6849 248
7859 1027 319
141 1068 280
10013 9527 337
1794 5461 59
11040 3956 132
11094 7008 1
62 8002 262
62 6182 262
75 1670 285
23 101 248
6680 7333 261
978 4934 50
978 7987 50
226 8278 380
236 4644 63
1768 11371 404
434 9776 322
5054 7970 391
12399 14237 317
62 11479 262
791 11805 357
10580 6522 447
5011 11347 461
1106 8077 353
5678 5754 59
382 5761 285
5237 12769 63
911 7955 59
434 6486 322
5446 2041 353
12884 4421 353
791 4816 357
32 8715 285
6300 3421 321
141 9844 280
8729 9419 343
434 4529 322
1235 6462 276
2759 3116 409
1749 3227 361
4735 649 158
4564 11337 125
873 5377 361
2879 5377 320
62 11326 262
141 9368 280
62 8433 262
160 2606 337
976 2801 261
2398 12437 343
62 11670 262
32 9927 285
2736 9402 140
32 10597 285
5506 8578 321
791 12271 357
4081 8073 454
9764 942 140
9764 5537 140
434 5697 322
1283 5669 323
592 6795 320
4283 4187 373
4784 10279 71
5964 7157 375
62 13736 262
1794 1350 248
8222 7933 373
32 8854 422
8163 10863 1
1327 7991 397
141 5625 280
1044 13246 364
11631 13873 261
6503 1755 353
5334 8607 337
1611 1348 71
62 9475 262
7044 3481 373
1665 5222 322
747 1699 352
1480 6852 22
9073 4111 373
6410 448 321
2438 217 391
4722 8425 361
382 9403 285
1771 2348 319
2589 11843 380
1360 8359 125
141 8591 280
8761 7342 261
2759 4595 409
3558 784 1
2456 3411 319
62 13117 262
12777 1420 461
363 10405 319
420 607 299
3169 6105 22
434 9514 322
434 13962 322
141 2694 280
2279 12040 71
995 8595 71
774 14535 355
62 9542 262
62 11272 262
6114 7034 352
1711 5328 22
62 2454 262
2964 10088 140
249 14460 320
3373 14262 380
32 1775 285
592 1132 343
2706 12125 391
1437 9485 391
23 1704 248
160 11368 337
1387 469 311
7490 8326 261
62 808 262
181 8977 430
32 6418 285
90 13239 270
4896 6162 261
1768 2162 404
5949 10080 461
2438 2869 391
2413 6552 321
105 9082 276
32 5116 285
384 3732 280
2244 2716 343
32 9003 285
879 2042 71
879 1917 71
879 4210 71
9715 63 323
9796 4409 420
160 2071 288
7142 2554 319
344 8966 317
251 1490 321
10312 2871 399
1330 10394 189
62 8499 262
2272 4140 337
791 7715 357
4668 3802 353
6377 10441 149
298 3424 1
7044 7371 373
4072 3494 1
10367 148 420
7797 2621 375
141 7562 280
2879 14255 320
384 11720 280
32 9797 285
434 12605 322
10617 11334 50
90 3775 271
344 12243 317
9147 6888 71
4753 13772 71
32 6475 285
1124 260 285
1874 13315 391
1566 3262 189
32 9301 285
62 1221 262
160 3532 337
3285 8279 22
1917 2460 102
1080 9828 285
434 8020 322
1044 9389 380
7754 6471 353
32 922 370
5971 9719 1
5237 13260 63
226 5806 380
32 4455 285
3373 1406 380
90 9605 270
5333 6427 71
8781 4730 421
141 1459 280
3657 9472 22
2438 33 391
3515 8643 22
23 1892 248
4843 12927 261
866 3912 343
10081 59 261
873 5743 361
3227 5535 22
14175 14137 207
434 8518 322
23 6865 248
62 12634 262
8587 834 168
23 6834 248
1283 2688 323
2192 3747 419
1768 1474 404
2308 8384 140
32 4829 285
90 3861 271
5983 6121 50
62 10762 262
6851 5060 319
3794 8415 285
2550 6293 432
434 5703 322
160 144 337
737 4524 350
32 7157 285
32 10276 285
10107 6601 352
11194 11718 1
32 6953 285
434 1477 322
5974 381 353
23 9098 248
2438 14166 391
141 3779 280
32 5868 285
160 12076 337
873 5631 361
141 2051 280
62 1517 262
62 5808 262
62 5909 262
1768 11844 404
62 10149 262
384 3888 280
972 7473 22
90 2604 271
791 1429 357
1934 6379 285
6079 2220 261
141 9864 280
32 13099 87
32 12271 87
2706 32 391
737 6126 350
62 2698 262
23 1003 248
62 6298 262
434 1689 322
90 7720 271
12485 660 353
1652 8145 261
13271 3237 396
181 10786 285
44 1420 319
9961 5045 373
6123 2114 343
3169 2018 22
791 6038 357
6866 10635 373
32 10809 285
11645 3410 392
2265 12229 276
32 10680 285
62 8790 262
4372 1325 319
2279 948 71
62 5463 262
10770 12283 71
62 11696 262
90 6766 297
2335 10113 375
90 6633 297
1711 1205 22
141 3790 280
384 262 280
90 418 271
434 5299 322
141 732 280
32 3841 285
7859 9718 319
737 13617 350
3072 4419 323
34 1439 373
1768 9198 404
90 1884 271
141 11926 280
384 6162 280
4674 7475 373
32 6697 285
141 11401 280
7913 11665 132
4770 4587 71
7020 2330 319
2385 9132 472
141 13452 280
32 6852 285
434 11912 161
14280 10798 261
32 13597 285
32 5881 285
11316 2188 1
23 3436 248
62 1700 262
6810 7686 321
9596 7402 397
32 2492 285
90 2229 271
434 7207 322
1672 10287 337
8242 8418 50
90 1258 271
32 1104 285
434 3325 322
879 8306 71
879 461 71
879 4222 71
879 8108 71
1771 1949 319
10961 4060 22
6664 8442 373
2438 6778 391
141 12608 280
866 4570 343
6632 10118 22
62 2022 262
90 7093 271
4836 10674 207
434 7305 322
434 6972 322
3181 54 189
141 1392 280
62 961 262
141 4326 280
2759 3277 409
141 8786 280
5162 7144 392
141 11039 280
4753 7251 71
4797 3134 59
32 5407 285
6114 5236 352
384 9042 280
11278 8318 397
62 12598 262
12930 2206 71
1327 11001 276
7356 1701 189
13113 13134 22
978 9723 50
592 7221 343
62 13189 262
382 10154 285
236 2877 63
873 11397 361
4994 12153 261
32 13994 370
4564 646 317
1806 872 380
62 11191 262
90 5127 271
90 1129 271
1665 3446 322
90 4550 297
32 2175 285
62 414 262
12734 14034 337
32 8872 285
2845 3967 22
220 9064 59
62 5585 262
141 5791 280
228 6511 1
62 13068 262
62 6462 262
791 13666 357
141 413 280
3227 5769 22
6851 8549 319
6814 3484 321
592 12088 320
5770 12090 350
9772 6190 348
540 12765 276
90 1147 297
11210 1635 158
6639 3883 22
592 12544 436
3755 1911 353
2620 7103 391
13801 4541 343
2349 11318 424
774 8667 355
5538 8725 458
62 3492 262
2846 11357 361
90 9365 297
5786 3265 420
141 8551 280
12429 7256 1
9764 2824 140
90 10016 297
62 11721 262
10566 78 59
9904 6719 321
9059 11771 1
274 7225 285
344 6918 317
344 12556 317
8649 6867 22
141 6290 280
791 9631 357
32 5809 285
592 2615 261
90 10736 297
62 6615 262
434 2324 322
737 57 350
90 7220 270
53 4538 22
119 11367 370
62 13505 262
1480 8302 22
6627 2378 353
23 10266 248
62 3427 262
62 12809 262
4659 5573 373
9661 1351 71
434 10238 322
13686 3975 428
141 4659 280
32 10082 87
32 11433 87
2846 11843 361
1311 7658 361
7623 304 424
32 6682 285
160 3591 469
791 6175 357
141 9612 280
308 9515 285
23 9148 248
141 1384 280
7415 6293 168
32 4683 253
10306 1947 346
141 5668 280
8968 2629 22
4002 3997 140
13008 10153 207
4722 3169 361
32 10310 285
62 3340 262
141 4133 280
141 1943 280
434 7474 322
434 1770 322
141 11689 280
5397 4018 337
12381 11131 158
2279 4498 71
434 11591 322
62 5020 262
90 7003 271
4674 7234 321
32 1769 285
12205 6119 261
1665 3525 322
6423 14154 320
90 7034 271
1124 5090 285
4690 5865 320
9596 10519 397
62 2349 262
62 10341 262
5169 9891 59
4871 12070 261
1771 8326 319
434 11878 322
1665 4771 322
62 10989 262
1242 4822 1
434 9432 161
434 12286 161
434 14218 161
141 7854 280
10417 893 353
1700 8370 165
9630 6165 22
3825 10615 261
2620 190 391
2901 9827 22
4791 8899 125
5334 8576 458
3433 4029 454
141 4156 280
434 5630 322
4994 4367 261
141 253 280
10541 5140 22
2438 13336 391
8700 5674 392
62 7213 262
434 12417 322
6895 6690 399
141 1862 280
62 4340 262
62 2088 262
32 4268 285
6398 3461 158
1771 10772 319
23 8096 248
2846 5007 361
10402 2004 323
1978 7266 409
384 1737 280
434 7232 322
9343 9343 372
1124 5150 285
4295 3526 323
181 8437 285
23 4929 248
774 4353 355
90 9519 271
2620 8194 391
434 7799 322
62 14092 262
10040 11442 337
141 12692 280
9147 54 71
62 4835 262
4753 11364 71
181 8801 422
6322 4105 440
767 3266 311
5341 8465 140
540 634 276
1566 6064 189
13061 3224 440
14095 6829 461
420 99 299
236 8308 63
384 1243 280
7059 8377 323
3622 9389 207
344 11498 125
330 119 78
5113 6975 1
434 5927 322
62 8972 262
2388 4854 397
62 4068 262
384 10296 280
7192 1406 409
3330 752 71
5446 4480 353
13356 6997 22
4611 4827 1
1387 1540 311
141 218 280
4372 3366 319
434 917 322
220 3922 59
434 1895 322
733 3584 22
12275 10440 261
4674 3773 321
2706 5617 391
160 5406 458
1327 4006 343
32 664 285
8870 3214 311
1665 10162 322
434 10071 322
29 1319 337
7047 7912 420
918 6597 126
5259 678 421
434 6408 322
927 8465 22
434 10394 322
5890 10172 311
32 9681 285
62 5578 262
32 1609 285
434 6080 322
434 10237 322
7654 9978 323
791 13370 357
382 5675 285
6604 5732 399
4225 7229 285
12151 8617 1
141 4284 280
6795 10238 22
32 7721 285
5525 10365 50
340 2148 22
8530 602 343
11534 1397 59
32 8988 285
43 9321 261
32 9371 285
249 357 343
141 4828 280
1253 7327 71
1253 4362 71
1253 3938 71
420 4135 299
160 1488 469
141 13618 280
585 9721 458
53 9716 22
62 53 262
8222 2529 373
7763 7178 439
23 10142 248
13086 3594 59
6960 7039 353
90 9197 271
928 9992 323
90 12921 270
32 11028 285
2438 3098 391
62 14208 262
160 203 337
5015 10735 396
11489 8175 346
23 2338 248
141 10937 280
62 6422 262
3169 3597 396
1327 12616 343
9661 7665 71
274 6930 285
434 6738 322
62 12363 262
12718 4879 71
32 11043 285
1749 9026 361
2550 2015 432
8696 9715 436
160 1998 337
32 5091 285
6741 6765 22
434 2576 322
3422 4257 342
11971 5653 321
7415 9178 168
7415 9534 168
13379 10680 71
12498 1092 50
3183 12297 22
1665 10581 322
434 5455 322
8632 984 375
90 2802 271
959 4432 375
23 6704 248
141 3883 280
1874 1835 391
434 2772 322
90 2111 271
8634 7689 409
434 2208 322
6318 6333 1
13757 8090 50
540 2855 261
90 7597 271
3270 12410 321
158 12873 285
6159 763 285
3625 9523 353
62 12522 262
150 4056 276
141 2668 280
36 6385 22
6726 11669 50
4632 4705 22
2438 9581 391
595 4727 71
62 4532 262
791 11970 357
32 8432 285
62 11401 262
4660 9008 1
9788 10411 22
1124 12152 285
62 3971 262
3202 1127 419
23 4062 248
434 14094 161
434 10954 161
4564 4701 317
90 7089 270
141 11996 280
5949 525 343
32 2061 285
141 10204 280
1124 11209 285
4877 885 22
4877 3471 22
879 10334 71
2846 7538 361
32 3748 285
32 2134 285
141 4945 280
2706 11242 391
1652 3297 261
9115 3358 353
62 8552 262
11885 4671 71
384 2062 280
592 7386 343
160 251 337
494 7614 328
32 653 285
2276 8456 421
434 10715 322
2438 7938 391
588 10998 22
11199 1998 1
141 8404 280
8996 11285 211
1874 14017 391
160 2546 288
32 7548 285
7775 7780 22
344 5833 317
62 11483 262
1768 3251 404
1478 11434 380
344 10505 317
6905 10605 71
8569 8171 22
6783 1686 71
13573 11130 22
62 12942 262
32 5283 285
141 11022 280
2846 7380 361
218 3093 423
4564 8768 317
2256 5950 22
11274 12120 323
2879 6656 320
4563 1395 449
6123 10603 285
236 2775 63
7192 11730 409
1327 9555 276
1917 3950 102
344 8295 125
7654 6792 323
32 1498 285
11882 6034 1
90 661 297
141 9305 280
171 6691 50
6403 9188 436
434 9449 322
9547 1322 59
62 13667 262
3433 1957 454
1633 12606 276
23 8352 248
774 2474 355
9113 6050 261
1824 9864 22
420 5184 299
90 7668 270
434 942 322
23 3828 248
447 4677 22
1665 2927 322
32 4925 285
90 1391 270
384 6001 280
918 7945 126
43 2744 343
2822 5004 343
13269 8793 50
13269 3974 50
4739 3138 59
32 3577 285
141 11157 280
11240 2125 59
4391 5430 321
249 4913 343
23 5898 248
1124 11288 285
1124 5636 285
13734 8710 319
10286 7848 285
592 8309 261
6925 8344 353
9581 5732 261
10146 8725 458
382 11632 285
2550 993 432
1327 8121 276
32 6982 285
62 7534 262
1652 3269 261
10025 9285 125
23 6601 248
1457 6290 261
32 2537 285
434 3992 322
1253 9008 71
12523 3574 440
382 1752 384
434 1444 322
8909 7976 461
8686 6843 319
3118 9992 353
637 8418 285
62 12921 262
6778 14386 380
1640 10111 22
7410 1063 323
62 527 262
141 10133 280
90 6147 271
44 6678 319
2438 12232 391
32 6569 285
8419 5864 392
11382 4697 71
6650 8310 261
1327 5344 261
32 12505 285
32 6674 87
32 12233 87
62 7155 262
12435 60 418
774 2015 355
384 8665 280
1768 11405 404
12238 10891 342
160 7466 337
2118 11713 392
3280 9515 50
23 2802 248
62 13669 262
4563 13223 449
434 1677 322
8167 11905 276
1665 1893 322
23 8289 248
434 4124 322
6018 2342 397
141 9898 280
2279 4165 71
2438 11738 391
90 9906 297
637 8149 285
62 5640 262
384 6343 280
10601 7034 323
777 2652 59
1177 1534 189
384 7841 280
141 8533 280
90 7526 271
8313 12771 132
791 13119 357
90 6232 271
7607 4009 271
32 2222 285
2197 1883 321
32 11578 285
434 3024 322
181 1518 343
3995 8275 375
1848 12104 158
434 8285 322
5304 1030 276
90 898 271
791 9055 357
13015 8180 346
434 2068 161
141 8014 280
9565 2175 22
8242 11754 50
879 6256 71
141 691 280
2272 72 337
62 9007 262
32 3311 285
4764 1961 261
344 13790 317
3795 4394 373
12055 13559 126
5007 3504 396
6091 3274 373
141 1560 280
782 7991 140
90 8586 271
588 1720 22
791 2914 357
141 10437 280
141 10637 280
9487 12681 311
141 6952 280
7775 7121 22
1437 5496 391
4055 11342 50
1652 2746 261
141 12637 280
62 6791 262
1311 7727 361
4152 14176 461
141 8120 280
3118 11389 353
7142 2459 319
8188 10842 423
1794 3066 59
11707 12299 50
90 8359 297
32 7062 285
23 3196 248
160 2951 337
1311 7380 361
62 8383 262
7142 1656 319
6656 4661 22
23 3224 248
4330 503 343
32 2592 285
7760 5192 373
23 5192 248
23 5891 248
236 6632 63
236 10214 63
592 3281 261
90 13648 297
62 6860 262
8337 514 261
384 3997 280
10698 891 320
13885 7792 71
141 11159 280
90 1693 271
62 11428 262
791 922 357
12591 7870 22
160 3553 337
62 8663 262
141 8871 280
592 5174 261
141 12309 280
3330 988 71
10275 13415 165
774 6583 355
4563 3295 449
4888 41 409
32 1225 285
8013 2299 22
14308 2428 126
10580 5726 447
90 2825 271
3683 5515 396
2607 498 261
6489 2148 261
1665 1925 322
90 8513 271
6456 9403 71
7047 6963 420
873 3403 361
32 2449 285
1652 4012 261
62 2366 262
62 6639 262
62 2950 262
1665 8619 322
90 4530 271
2254 9668 22
1665 7325 322
4183 5 59
5758 6234 22
1485 669 323
8764 2433 22
1874 5302 391
32 2016 285
12529 7736 158
1124 267 285
10268 4369 1
4784 1738 71
5525 6663 50
62 9344 262
434 4547 322
1253 7868 71
8373 8353 461
141 12076 280
1225 5819 321
4791 6780 317
1044 10085 380
6851 2094 319
9671 3993 126
4722 2754 361
62 5960 262
6489 2377 343
62 25 262
12936 7122 22
5235 606 353
10327 8199 276
249 5607 397
7192 13953 409
4081 11114 454
5267 3084 71
32 4165 285
32 12007 87
32 1750 87
32 11740 87
32 8909 87
32 10759 422
3795 1003 373
90 12683 270
5770 6665 350
141 3938 280
4161 2114 353
434 2601 322
1124 11902 285
62 6180 262
434 6058 322
141 8548 280
62 127 262
32 11689 285
141 6413 280
23 8089 248
90 7030 297
774 2279 355
384 2882 280
7265 2083 22
181 3188 473
32 5792 285
1771 2824 319
1177 8263 189
90 7376 271
1928 10620 370
592 2728 320
23 2689 248
1652 4369 261
141 9999 280
10616 2937 22
595 11182 71
434 12040 322
90 6785 345
2322 4947 158
2322 2856 158
62 10456 262
160 11270 458
6385 1743 353
434 1597 322
141 7762 280
32 7593 285
1124 11406 285
434 9564 161
434 4231 161
434 5949 161
384 2930 280
141 1659 280
11207 1409 71
23 486 248
400 8590 1
90 3639 271
494 10571 347
879 11313 71
4722 10541 361
105 1920 276
9757 9416 353
160 5982 337
1327 1036 343
90 2302 297
8634 9235 409
6562 7910 380
32 6268 285
141 11702 280
5256 6104 1
4390 3376 50
12193 4688 233
384 11758 280
787 1658 59
90 9867 270
9395 8324 59
32 9033 285
120 3008 343
32 10164 422
7410 4929 323
32 8937 285
5153 10186 22
588 4406 22
3522 7305 261
5334 11052 337
434 4100 322
7045 6721 1
2883 2678 437
12778 11121 319
90 9117 270
4055 9427 50
1124 11350 285
7513 5470 207
90 8157 271
2192 2017 419
5198 8080 132
141 11193 280
6452 1408 22
90 9143 271
7807 7886 71
10351 2421 353
2665 5326 22
6851 6857 319
7192 7110 409
4358 5339 276
978 8491 50
1464 3951 22
236 588 63
236 5685 63
308 1738 285
141 4663 280
90 13411 270
3929 979 71
3929 9483 71
8603 813 285
90 5563 271
62 14183 262
434 10288 322
171 9072 50
90 5818 271
774 68 355
3155 6602 353
43 5423 343
420 3794 299
5678 78 59
10239 7600 373
181 3859 285
141 7390 280
2349 3553 424
6707 10530 397
6895 10208 1
90 643 271
160 9154 337
5054 249 391
1124 3366 285
160 12787 288
141 3940 280
23 2555 248
733 11788 22
1630 8706 323
6300 3421 373
90 3116 271
62 3171 262
7507 12288 22
6810 11697 321
1124 7691 285
434 7366 322
791 10207 357
382 1621 285
4764 11144 320
23 4583 248
1225 8893 321
32 7739 285
90 9978 271
494 6604 328
12778 2945 319
4330 177 22
9688 10558 261
5983 1734 50
2121 6724 285
11489 6328 346
8037 1232 149
2956 10902 361
3755 639 353
2033 10276 261
2550 1970 432
1447 7647 158
1253 2355 71
1253 10070 71
1044 6680 364
53 4677 22
791 13493 357
29 8752 337
7020 9827 319
62 10085 262
90 8617 297
1611 9642 71
141 527 280
5334 10168 458
9110 1282 311
32 3665 285
32 13105 87
1327 3507 276
141 8525 280
141 1082 280
1124 12139 285
384 1589 280
3627 1272 397
2706 12972 391
7415 4300 168
3183 7515 22
14147 9483 50
434 7632 322
774 607 355
141 4689 280
8154 15 59
3169 2280 22
32 322 285
1794 10791 248
141 5839 280
7373 1215 375
90 3410 271
2723 5945 346
2279 1629 71
2279 10494 71
62 2140 262
791 7268 357
141 4653 280
141 12507 280
11264 7333 1
9161 3517 353
6219 7708 343
32 7904 285
4722 12769 361
1771 4369 319
8313 8828 132
6276 7365 323
1482 8736 392
9029 11021 320
3955 9511 285
6611 10659 353
141 3199 280
16 1251 321
62 915 262
6851 8094 319
706 7991 189
4024 7612 50
4939 731 261
249 11406 397
1682 9122 285
141 9199 280
90 9711 271
32 9222 285
62 12580 262
62 11066 262
7044 1971 373
6180 6531 320
879 248 71
141 8473 280
274 4540 285
10417 2838 353
1327 1315 343
2846 9162 361
23 9242 248
32 3774 285
141 9115 280
32 11801 285
141 1593 280
1652 3901 343
23 5303 248
62 2899 262
3754 3526 353
119 3288 285
23 2570 248
62 9862 262
32 10186 285
434 621 322
44 5043 319
4089 3739 261
434 5837 322
23 4757 248
8663 7703 261
62 2818 262
5844 9503 22
580 2460 343
23 7019 248
6783 262 71
774 1131 355
384 3367 280
32 2748 285
2665 2696 22
141 11737 280
434 8491 322
32 5065 285
62 7578 262
382 9952 422
434 10894 322
8117 7562 189
236 9630 63
2796 438 353
9564 11344 397
434 1048 322
434 514 322
3929 799 71
2761 9545 320
330 382 78
2517 2369 419
1327 12610 276
1771 5028 319
1231 2215 71
141 4656 280
7195 9318 261
141 4505 280
434 11113 322
2322 9670 396
7158 3252 173
8634 11221 409
344 9966 317
4949 9537 22
9679 3148 153
3330 4311 71
5333 8315 71
2438 6818 391
6270 4420 22
774 5184 355
766 1810 311
90 3002 271
2456 9319 319
160 1371 337
90 11697 271
2550 3374 432
90 9002 376
3480 6482 373
7368 2480 311
141 6497 280
141 48 280
12594 10814 22
141 1831 280
11171 7092 1
11095 6420 140
1327 4827 261
141 1064 280
9277 11144 320
4161 10139 353
388 12437 373
2015 7313 370
14527 14537 447
2192 7314 419
32 9046 422
1405 6965 285
8686 4376 319
62 5628 262
8217 13855 418
363 8950 319
90 5853 297
23 4187 248
90 4681 271
62 10533 262
434 9373 322
5467 7479 71
12523 4048 440
954 754 276
32 4828 285
2550 3104 432
90 263 271
141 9110 280
141 1123 280
434 1123 322
62 6558 262
434 5222 322
23 11065 248
32 10133 285
23 2676 248
434 10937 322
2887 8049 353
5586 1029 420
2780 12301 461
2974 9022 373
32 13723 87
32 11394 87
1336 4399 346
62 2733 262
2879 10354 436
5008 4643 22
1768 2735 404
90 13462 270
4561 3491 321
160 9858 288
791 9476 357
7415 99 168
32 13565 422
580 9943 343
1771 8880 319
774 3590 355
7044 3479 373
141 1813 280
594 11007 140
434 2627 322
141 346 280
141 2208 280
791 13534 357
3229 2952 323
62 10069 262
4143 1798 22
13605 12484 299
1527 13725 261
62 13869 262
62 5249 262
2438 11469 391
23 8735 248
1177 321 189
141 7575 280
141 6722 280
75 2431 285
928 10935 323
90 3809 270
23 2407 248
11312 4711 261
3451 9007 71
1124 11227 285
32 8923 285
791 12836 357
85 5688 321
1665 4147 322
1771 3857 319
1327 2061 276
8222 717 373
12667 7472 71
592 6934 343
90 5654 271
62 11386 262
8686 6397 319
141 5241 280
1665 1104 322
150 9142 276
90 1335 271
879 8158 71
32 5135 285
12205 10413 261
1928 8746 285
1087 2176 343
363 10887 319
243 6198 418
5390 6472 311
90 6170 271
1337 10459 373
2706 150 391
6632 1155 22
9395 5058 59
23 7093 248
3305 6046 22
32 298 422
23 5461 248
588 3118 22
9597 7543 22
434 5049 322
32 3843 422
194 5013 55
4055 12508 50
1630 5699 396
382 11086 372
141 3040 280
9147 10736 71
4753 9225 71
90 7784 297
11040 8891 132
2550 2046 432
1771 2779 319
90 6255 271
4564 2578 317
8952 7843 397
141 11015 280
11024 9311 50
12848 7716 50
7654 1388 323
32 11154 285
274 9000 285
236 2526 63
236 2844 63
236 4949 63
236 9338 63
4722 13141 361
23 5543 248
1164 2558 285
494 4198 347
3202 3357 447
2438 10775 391
1928 2383 285
10974 7724 348
7042 5471 71
2550 5209 432
5678 11398 59
6604 3630 399
8217 11537 418
62 10003 262
873 13680 361
434 12268 322
62 4670 262
62 207 262
6851 10917 319
3330 4093 71
32 11633 285
90 3142 297
2138 8869 380
9777 5800 343
4514 10878 375
3173 7837 446
90 10619 271
13456 9419 343
619 2825 342
494 6760 347
1124 6773 285
6747 2969 353
6980 12842 50
6980 3208 50
2339 6619 423
8587 816 168
32 12835 285
3480 4998 321
62 3923 262
6489 3918 261
160 6427 469
32 8238 285
62 9019 262
2033 10558 461
1437 10594 391
1768 9896 404
434 6237 322
384 4585 280
141 3118 280
12341 12325 50
32 3844 285
2349 7345 424
6839 6428 1
1253 8522 71
9603 3046 472
1771 193 319
160 5321 288
2438 9316 391
141 11260 280
2754 6393 22
141 6537 280
62 4521 262
7654 6800 323
32 6422 285
384 10238 280
90 6652 271
62 14374 262
62 3665 262
32 697 87
434 5720 322
6507 4693 22
2357 4434 319
62 7058 262
434 304 322
1124 3591 285
747 7148 352
32 1096 285
7457 10216 276
9060 8021 343
2956 4486 361
9562 2833 22
7415 890 168
382 659 384
9461 5311 373
4489 1420 473
12498 10703 50
141 10091 280
23 11072 248
7740 11758 22
3169 12331 22
3169 12505 22
2456 11864 319
3309 1028 373
2620 6180 391
32 9386 422
2244 2952 343
2759 8089 409
141 6443 280
2279 7232 71
32 3023 285
23 997 248
2607 6979 397
7265 2824 22
777 3002 59
141 5723 280
434 13433 322
5446 7646 353
62 2353 262
791 10972 357
32 4369 285
1711 3446 22
8457 10144 233
62 1236 262
2272 9137 337
8313 11026 132
10900 6793 59
791 12903 357
2438 13387 391
4309 562 261
595 5950 71
595 5162 71
1337 5742 321
1557 4117 158
23 1900 248
141 11727 280
23 2542 248
34 772 373
62 1483 262
434 4924 322
6668 2407 323
2887 2407 353
3408 4625 261
4764 7012 343
434 13563 322
2192 8224 419
434 3627 161
434 4706 161
434 1806 161
494 7044 347
434 3924 322
6708 8538 22
90 717 271
11207 3084 71
32 851 285
62 3503 262
8686 10287 319
2357 3587 319
879 283 71
879 11602 71
2846 5531 361
6220 10838 391
160 11187 469
959 3070 375
5256 6697 1
23 7386 248
384 4684 280
32 2533 285
141 8522 280
141 6989 280
6614 9690 22
434 3275 322
90 6016 271
1768 5153 404
588 10256 22
12838 11906 261
8211 11833 153
434 6128 322
141 7729 280
90 2638 271
90 8409 271
160 9932 337
434 11320 322
32 8801 422
249 4953 397
637 13230 370
62 7929 262
5341 9810 140
434 10217 322
1437 12284 391
32 3146 285
1327 3378 343
141 11468 280
978 9864 50
8195 11526 353
9081 2131 319
236 1767 63
141 2187 280
62 5260 262
434 12458 322
1917 4282 102
494 630 328
9176 1349 428
171 8227 50
10303 3406 261
7410 11662 323
23 6242 248
4182 8352 421
3330 919 71
384 414 280
62 3007 262
62 2501 262
7464 11642 22
2607 2730 436
420 1260 299
585 3510 337
7595 8819 173
119 566 285
7859 5515 319
4978 5126 353
141 12015 280
3480 7599 373
32 5444 285
90 6482 271
1327 3155 261
8959 2359 361
2974 8605 321
8406 3084 285
1080 11165 285
12302 13057 320
2316 10172 323
1283 3756 323
8433 6462 165
5054 1837 391
2438 10281 391
141 1099 280
32 6013 285
32 8309 285
4330 12842 22
90 10594 270
10432 7261 321
5410 4012 1
6118 6515 22
181 4585 285
434 7330 322
32 1113 285
5365 7517 153
4996 7677 71
562 3866 423
12341 8689 50
5364 6588 22
6810 1605 321
1768 6675 404
32 10614 285
23 4736 248
9664 10121 311
1128 12120 102
141 6759 280
10627 8697 22
53 9305 22
8072 4385 418
1124 4691 343
2456 8752 319
434 4819 322
9277 11656 320
817 201 321
384 9495 280
32 2446 285
592 4234 343
1749 3895 361
62 2760 262
32 8266 87
434 3551 322
2706 9691 391
2438 12363 391
141 4148 280
434 12078 322
6092 1904 59
8411 7720 346
32 2218 422
32 6372 285
7415 5001 168
7415 4253 168
7415 1087 168
32 9289 285
3183 10394 22
774 3464 355
774 1273 355
4002 3788 140
3169 10441 22
2272 1943 337
1771 5887 319
62 1903 262
382 5255 285
12176 4716 375
9127 8297 353
68 10414 430
384 7818 280
7265 1026 22
3387 6312 215
1177 8015 189
1177 1473 189
1177 549 189
2025 2352 323
434 5682 322
434 6962 322
141 10411 280
2956 10403 361
447 9104 396
62 10029 262
6123 12917 285
10254 8590 461
1946 300 288
434 12935 161
434 12922 161
2235 7808 373
6680 6308 343
3451 9398 71
1665 392 322
1700 7703 165
2175 3767 392
2253 4137 353
384 3039 280
62 7728 262
90 1735 271
6332 385 22
6332 5197 22
7175 9556 59
8542 8393 261
842 187 22
6093 9637 473
4403 12297 22
879 2060 71
879 8169 71
879 6387 71
879 10950 71
879 2606 71
410 221 323
32 13551 285
3324 2027 71
2316 5115 323
4801 1000 397
434 4658 322
12847 6900 399
12635 7886 22
43 3016 436
62 930 262
62 2389 262
32 9774 285
141 7460 280
160 7037 288
4008 6046 1
4474 1593 285
23 4384 248
1044 14027 380
32 2805 285
904 9013 420
10874 9562 63
911 1898 317
6377 8380 149
382 2411 285
8244 998 22
90 6219 270
790 5043 461
9807 775 1
90 2878 271
62 8589 262
1928 7792 285
4563 8024 449
1934 13275 285
3949 3335 423
141 11290 280
7775 11294 22
5317 10045 71
11276 10345 22
2438 7285 391
4753 13363 71
3311 5359 321
434 12081 322
10156 4726 392
1665 8421 322
6851 3795 319
236 1497 63
236 10726 63
236 5348 63
236 340 63
2438 4520 391
4563 2583 449
737 6692 350
32 3907 285
32 11505 285
7607 274 376
2456 573 319
160 3321 337
592 4878 276
141 11127 280
434 3437 322
6440 3902 50
352 11338 261
4244 10079 102
9606 977 50
62 11032 262
160 409 337
1672 4848 337
141 5991 280
23 3116 248
62 3932 262
434 8386 322
9650 693 428
62 5620 262
918 5169 126
918 959 126
90 6619 271
141 6532 280
1080 7339 285
2883 8892 437
2956 9338 361
32 12588 253
23 4913 248
747 9714 352
62 14098 262
141 8680 280
6114 7443 352
3645 5536 353
434 8431 322
8037 4677 149
3614 639 311
344 11247 317
6282 1996 323
75 4060 285
2780 940 461
32 12547 422
62 7455 262
1447 13274 158
10627 1341 22
32 8860 370
53 13417 22
1124 11198 285
62 11367 262
494 698 347
90 367 297
12601 4920 261
6679 8292 276
5422 7400 271
32 3675 285
141 4388 280
62 14539 262
62 12993 262
8309 2711 321
5267 6058 71
32 6671 285
5721 8653 409
32 12013 87
32 89 87
32 13299 87
1260 3213 285
43 7414 343
873 5780 361
7415 1744 168
592 8251 261
4563 9572 449
3050 2171 276
3183 6121 22
774 10405 355
23 4958 248
494 10310 347
384 1367 280
434 3968 322
5435 3479 321
23 8086 248
10433 10791 392
1665 295 322
791 11744 357
7726 1220 397
62 6924 262
32 7053 285
7971 6400 343
12972 13725 276
2279 5187 71
2620 1361 391
4624 5580 460
1771 4544 319
90 5478 271
160 4471 337
62 404 262
4947 6986 1
7265 256 22
90 2699 271
1928 12870 285
32 1612 285
1652 1343 320
11091 6278 373
90 10993 271
8457 3165 233
62 12420 262
911 7611 317
62 12021 262
384 2872 280
141 562 280
434 4847 322
789 2948 418
90 1883 271
5579 7799 50
5034 9380 1
592 5880 436
62 1841 262
9029 10118 261
10674 1222 207
141 4436 280
434 2330 322
90 6442 271
62 318 262
32 5394 285
791 12379 357
62 10713 262
434 3890 161
434 12237 322
4978 3767 353
23 6056 248
23 8068 248
434 7315 322
1928 13615 285
9487 3852 311
879 2446 71
141 12417 280
2846 7381 361
791 12514 357
434 8402 322
774 13491 355
6398 7469 396
32 4654 285
62 14540 262
2438 8534 391
592 4246 343
10012 4246 353
791 12872 357
1741 7889 207
3120 3288 397
32 3842 285
141 537 280
494 298 328
1672 12644 337
791 14017 357
160 14401 288
384 386 280
62 8797 262
32 11658 285
6712 2686 261
5317 4025 71
62 427 262
7727 758 22
32 2985 285
10147 4841 373
23 3894 248
32 1027 285
43 2516 343
1327 11645 276
12161 4310 421
791 12598 357
13164 5540 276
11653 4026 361
791 14191 357
141 4202 280
32 2213 285
1928 12838 370
382 3532 285
236 3657 63
420 6755 299
1794 2925 248
23 10665 248
90 335 297
8321 1294 261
90 5520 271
4283 5520 373
23 10226 248
249 2475 343
5237 6490 63
3330 4458 71
434 12324 322
384 3142 280
9164 5075 461
5397 4224 458
1327 9076 276
32 3940 285
220 4745 59
181 12927 285
791 11691 357
2135 13141 63
62 13666 262
1164 4467 285
11558 12765 261
32 7695 285
68 2414 430
11171 9190 1
1665 3740 322
62 2664 262
23 7183 248
4358 12869 320
90 7635 270
4474 8043 285
158 13291 285
1771 289 319
90 7443 271
7044 805 373
1283 5420 323
62 3555 262
2091 7669 253
742 2066 323
23 1658 248
791 11425 357
2517 5748 419
2272 13623 458
62 14109 262
791 11375 357
90 3936 270
90 1477 297
1253 3078 71
12778 7118 319
32 6053 285
62 13914 262
791 4496 357
2846 9463 361
62 11964 262
434 8616 322
5302 2212 343
2388 8741 380
3004 4840 207
434 3264 322
1768 2798 404
141 4194 280
434 10719 322
1891 119 168
5767 7924 153
23 155 248
4429 6379 461
344 10856 317
3885 3665 461
32 9666 87
1331 13978 418
2956 7658 361
13091 2350 261
10705 5780 320
5780 670 22
2735 1351 22
434 7301 322
14298 4595 352
6303 14296 391
7415 5172 168
32 488 285
592 1109 343
1442 10891 311
14147 9318 50
10862 687 126
7740 9515 22
62 4617 262
434 1964 322
32 801 285
434 4432 322
1044 6938 380
1665 12508 322
382 6499 285
32 4273 253
141 4443 280
2279 7115 71
2279 4829 71
2620 92 391
1768 11524 404
7268 7268 348
32 383 285
62 13108 262
1665 9161 322
23 1822 248
7265 8171 22
2526 10043 22
791 7834 357
23 3845 248
384 4724 280
595 178 71
4791 446 317
12675 6972 22
13486 10135 1
2534 1875 22
13822 2896 158
32 9270 285
141 4463 280
382 1242 422
434 8373 161
434 11147 161
434 11529 161
344 13697 317
4563 3301 449
384 3178 280
4624 11314 460
32 253 285
3127 1364 207
9443 12206 380
879 7604 71
434 5796 322
23 10066 248
141 1961 280
1771 8052 319
5015 8123 396
2402 9829 396
8695 2360 1
23 2890 248
9395 4537 50
384 3032 280
5334 4140 337
141 132 280
4413 918 63
344 8545 317
32 1136 285
9276 13632 207
2192 6344 419
141 3423 280
3284 4782 392
13815 9333 50
1327 3 261
4071 4490 22
90 2460 271
7775 6119 22
774 8765 355
434 11857 322
6791 9404 22
791 13456 357
7460 3621 420
3795 3894 373
160 8592 337
4753 9184 71
1164 8459 285
23 7202 248
23 1861 248
434 11847 322
32 7451 285
434 6475 322
9603 4044 472
11518 13113 380
141 1213 280
924 9040 297
8307 4853 285
236 8968 63
2023 5716 271
2958 2524 375
1327 5227 261
1327 10973 276
1124 13361 285
3423 11079 392
14258 799 319
434 4198 322
410 1988 323
791 13520 357
90 9215 271
32 11833 285
9931 9449 261
141 2910 280
434 549 322
1124 5761 285
5237 4334 63
1080 4742 285
344 116 317
3330 5065 71
90 8848 271
3050 12113 320
640 8969 59
384 10807 280
592 12902 320
434 9493 322
1928 4848 285
141 1225 280
1327 7768 261
32 9856 285
3554 10990 380
382 4933 285
7595 4862 173
6114 738 352
791 6489 357
3155 11626 353
23 4250 248
141 459 280
141 5435 280
10576 3237 22
2736 6822 140
434 11007 322
141 8309 280
5983 11678 50
141 2027 280
344 10131 317
1934 10743 285
32 7534 285
10103 8816 22
2456 12191 319
141 5149 280
32 5606 285
62 1435 262
3202 1990 419
2517 723 419
1253 5533 71
1253 10005 71
1253 5797 71
580 309 343
62 8850 262
9651 3862 149
791 12117 357
382 10931 285
62 6089 262
32 407 285
9671 12790 126
2754 8783 22
90 7591 297
11038 8981 71
1665 4388 322
434 6969 322
9605 13406 348
2316 2711 323
2009 3018 22
2387 8198 320
32 1475 285
791 2879 357
141 9533 280
4283 10660 373
7623 1396 1
90 5099 271
1124 11575 285
12498 1971 59
10108 11279 140
7248 10891 421
9176 4482 428
3751 8521 22
3169 5836 207
434 10310 322
32 3985 285
181 295 285
7192 1697 409
1697 5578 207
1768 12019 404
4143 7800 22
2279 4688 71
2279 2524 71
2759 5580 409
774 14107 355
2526 5960 22
3387 2428 215
1177 4222 189
9561 12717 1
1928 11321 285
3183 3262 396
29 8612 337
434 13063 322
791 2055 357
6851 539 319
344 1628 317
4770 9040 71
62 9349 262
2173 4565 22
636 5966 323
1652 7593 261
32 3371 285
141 12815 280
434 4591 161
434 8528 161
160 3369 288
90 3436 271
1700 2161 165
3299 11626 55
141 8783 280
9801 7236 428
23 3785 248
160 4319 288
1978 4123 409
879 4070 71
32 7647 422
9753 10367 71
13571 13066 436
3263 11946 320
6851 9314 319
3480 2838 321
2265 7822 461
1702 4439 207
62 4834 262
6205 5468 149
8308 4656 22
12135 12135 419
90 9815 297
2622 8951 261
434 11957 322
62 10213 262
90 3288 297
2620 1164 391
2846 11849 361
32 14401 422
141 7994 280
3202 3319 447
1336 4782 346
1512 8211 353
4055 8606 50
4563 4262 55
6783 9020 71
2706 3575 391
1794 8872 140
434 9944 322
90 6496 270
141 4495 280
5373 1107 321
90 10945 270
141 2010 280
13113 13772 22
434 13591 322
160 4202 337
62 6847 262
12193 10557 323
23 9699 248
13207 3603 396
3202 1759 419
141 6763 280
6114 5941 352
382 11159 285
1283 2603 323
9581 5862 261
141 7072 280
384 3859 280
2456 5962 319
5445 4550 261
5237 5266 63
5310 10487 1
8796 1202 207
6808 78 353
434 2078 322
141 7927 280
90 3242 271
23 3759 248
3222 9357 211
4587 5473 373
4563 284 449
6114 4795 352
141 3602 280
4631 9370 428
1630 2663 323
32 498 285
494 10229 347
918 7523 126
918 2094 126
918 7264 126
62 3236 262
1800 5651 59
1485 7520 323
1665 2932 322
384 1976 280
1424 3599 319
2956 9896 361
6392 5628 233
6392 4307 233
2846 4286 361
747 805 352
1665 10583 322
10213 3430 343
747 1999 352
1124 12566 285
6491 7933 392
7044 6167 373
160 7245 337
11280 4318 50
90 13743 270
90 9332 271
1611 8859 71
9671 11754 126
384 6678 280
9760 3605 276
90 10419 270
3835 5073 140
434 949 322
23 797 248
420 181 299
1771 8357 319
141 10696 280
62 3476 262
6851 6634 319
1665 9020 322
4791 164 317
90 3723 271
32 4718 87
7132 13213 276
2456 5769 319
1360 8114 125
585 9480 337
32 10455 285
384 3469 280
141 9039 280
2207 1532 1
2181 660 346
7415 3028 168
141 9572 280
434 2549 322
8154 3334 59
3169 1128 22
32 7682 285
